Id,SalePrice
1461,123424.44175230901
1462,152033.08123302978
1463,180562.08021006288
1464,182206.48651998796
1465,194810.364380481
1466,183004.36680711637
1467,166826.59737357678
1468,175800.55031349053
1469,180004.0788696191
1470,123926.48200697819
1471,202052.49277874865
1472,95310.28685035334
1473,99820.26215480751
1474,154823.3501475689
1475,126545.12122681155
1476,360921.39902490866
1477,247442.04110450138
1478,301235.40136285877
1479,276227.48421650677
1480,457839.82724961825
1481,310977.37454865867
1482,205266.42420698356
1483,180505.0963620193
1484,175967.70071904882
1485,172608.83131835048
1486,202345.9545973489
1487,294550.395732328
1488,236103.52100699264
1489,203264.46737354834
1490,209170.36869931754
1491,192698.07930711558
1492,95921.85659698071
1493,178351.1752853671
1494,298883.97202850366
1495,281960.66141896974
1496,231610.98801709837
1497,185902.18922458915
1498,155048.88892095108
1499,153394.1899957166
1500,158262.46667060893
1501,171669.89665197968
1502,156551.75859653862
1503,277911.21749711764
1504,237130.9108815438
1505,217745.4048642152
1506,172386.07557231348
1507,234275.83285820315
1508,192840.31425546476
1509,159435.79477909577
1510,151979.31176867735
1511,150675.35779190357
1512,162312.6764548922
1513,143542.59199290094
1514,145659.7042458112
1515,187189.30301681074
1516,158520.7352850399
1517,151313.50387346162
1518,131398.9736822239
1519,218318.67840987572
1520,138584.7048414017
1521,143206.79801090504
1522,159847.5687019418
1523,117515.74811176391
1524,123801.30827795752
1525,125538.83550931443
1526,125815.67463296116
1527,101862.36017255999
1528,127765.77810038495
1529,141818.3914323077
1530,171002.61184450975
1531,133013.9376615802
1532,102009.10161973814
1533,138986.35174083477
1534,115851.75743554997
1535,151195.69371931322
1536,119505.97432241899
1537,83830.18644917363
1538,166810.48363390588
1539,215692.37004273737
1540,116268.20582339937
1541,141657.4119630346
1542,138686.64166548144
1543,188973.9747665522
1544,82973.68390152759
1545,103239.58706714676
1546,124734.7570823872
1547,136410.81006234974
1548,129700.52668613358
1549,110852.18767298081
1550,140346.83857567317
1551,117215.63900683871
1552,142099.3843338243
1553,136305.1174258597
1554,115096.69018669185
1555,167522.57804694478
1556,92372.77293864606
1557,121020.23051177745
1558,89408.96140433407
1559,117432.64603472498
1560,144131.7304307251
1561,136115.6731681941
1562,128005.04648537951
1563,125943.82468264546
1564,161295.29027350852
1565,154429.58645072154
1566,222990.80949831233
1567,79229.07023989108
1568,219828.22422548142
1569,142258.74702420636
1570,131441.33949844868
1571,131096.58665826663
1572,143133.60591394437
1573,236046.76293690107
1574,121039.59677042958
1575,209112.19047249606
1576,222185.74229544555
1577,197809.79818626845
1578,139095.8452474167
1579,145332.333906635
1580,187739.78402368774
1581,139827.85831205687
1582,127197.93517801729
1583,318866.54042427114
1584,236512.05996734527
1585,140369.3051081953
1586,72013.49123098656
1587,107759.03340964351
1588,150915.83521606628
1589,97449.2531918523
1590,132139.48323208393
1591,107133.95101011517
1592,124139.36862048694
1593,118675.87013528284
1594,125123.53177431093
1595,124298.67070312166
1596,217182.762656206
1597,163115.5003044497
1598,186133.04608121896
1599,177496.56286734572
1600,184734.10173651375
1601,72505.74184642559
1602,114260.24395369137
1603,91157.74742818305
1604,278986.4563268251
1605,252521.1179456751
1606,168365.28633851954
1607,154766.2507982917
1608,212019.37185189975
1609,192563.31353153626
1610,164176.6228401406
1611,149525.0684584583
1612,174849.20581969267
1613,170961.05155438723
1614,121631.99665699317
1615,89607.00453742027
1616,83785.09510901241
1617,86953.92193943518
1618,124415.14978858935
1619,133259.9232453998
1620,165484.777964345
1621,143938.96165400898
1622,145577.90058281575
1623,276767.67413640005
1624,219814.3939031587
1625,121070.89224586813
1626,165898.51871823025
1627,184984.76304577108
1628,267530.94116508414
1629,178357.36646716495
1630,329861.7845603738
1631,201374.912816844
1632,246495.44633452676
1633,168497.09568960033
1634,185032.88278684625
1635,179674.91962248707
1636,162237.04394124835
1637,179650.96024305763
1638,210838.9195625225
1639,173778.42757410192
1640,239656.44176976406
1641,172213.15827839627
1642,221826.0967675729
1643,223597.5521177648
1644,226964.58178440438
1645,178317.68692306793
1646,155789.6449439616
1647,157985.38622204048
1648,138487.13707509812
1649,138722.10224290114
1650,119045.90864538451
1651,119707.16498209928
1652,94798.46914200428
1653,98392.84589589898
1654,156604.86917231337
1655,149812.59442923713
1656,150010.63720209996
1657,154376.63705716134
1658,154186.18184580829
1659,130931.66761487156
1660,152029.82537252756
1661,440361.2165956583
1662,346998.89464259404
1663,372740.04793565354
1664,433627.6336641257
1665,309240.5973620757
1666,316197.2583225486
1667,341079.1311727355
1668,331713.9787734732
1669,300278.2329649336
1670,335887.7655750007
1671,254609.21449162113
1672,435951.7231874511
1673,297202.3792161804
1674,246464.2781281955
1675,193108.4661478389
1676,190758.17190957454
1677,210111.53539982942
1678,442713.3579919492
1679,383178.0032671453
1680,306247.97781402123
1681,251598.17013907578
1682,301708.96879012516
1683,187308.53772763468
1684,173634.3497521385
1685,174215.5619599979
1686,172207.8566797929
1687,169483.66345610798
1688,190466.8315501018
1689,187870.00300283817
1690,183470.7151129342
1691,174727.31937523012
1692,259383.36106331492
1693,171898.6215887455
1694,184613.55630216096
1695,168880.45258513495
1696,273069.75657773326
1697,167428.60472650637
1698,324025.16704606917
1699,310024.434437112
1700,246809.33776756114
1701,260043.8715254189
1702,250499.5664379448
1703,245936.14828280837
1704,281649.46659030556
1705,231455.2338924775
1706,415098.19089728355
1707,211619.28508305174
1708,206715.7856941411
1709,275598.11383274087
1710,221034.42153488388
1711,267379.77289504785
1712,255072.74839789796
1713,264119.6179130656
1714,217428.70632632187
1715,199536.13923429063
1716,176597.88844948972
1717,163036.58080957524
1718,132511.36735342268
1719,208124.54010675123
1720,243707.42901017753
1721,162040.93683335977
1722,124811.38189017583
1723,160534.26857915553
1724,212311.17579368624
1725,228690.32582711751
1726,192070.5061571164
1727,173422.37246395796
1728,183643.53156665308
1729,164418.72332760555
1730,158017.25308577463
1731,123277.27216259482
1732,129209.14689576435
1733,122440.61334276875
1734,129888.06824501911
1735,133380.84210629395
1736,116225.77086208541
1737,330983.65629076946
1738,210241.58426911308
1739,261353.34966366706
1740,204073.14375126074
1741,178600.59855110192
1742,170136.20633178932
1743,173131.30151468204
1744,288264.96281305
1745,223593.3415090471
1746,224837.77849064273
1747,214579.889778788
1748,212568.20552510844
1749,164402.12615473816
1750,145485.99565897216
1751,220771.76916655406
1752,120796.48326915673
1753,140540.16012300638
1754,197799.66142567323
1755,170644.56029935167
1756,123073.49394414484
1757,118600.90808098024
1758,149330.95993152034
1759,167318.51907041247
1760,160593.12698700925
1761,147067.6141533064
1762,178736.6211192494
1763,164241.9899633877
1764,119485.25705126591
1765,171021.9600746811
1766,164319.74510532446
1767,202055.1854092189
1768,140852.3591521055
1769,163181.30084466314
1770,141656.48986035353
1771,138426.2426036741
1772,140768.25880853215
1773,139309.37961080842
1774,133384.44996568403
1775,134895.8297182654
1776,122531.05618308872
1777,114926.58367392789
1778,134615.64181955645
1779,114815.16474801236
1780,176081.09073938226
1781,131145.45919887486
1782,100528.09782416014
1783,134009.116532549
1784,102514.22346140744
1785,116246.27397127276
1786,153449.18876636543
1787,165321.946436251
1788,61224.214547892014
1789,97497.9450552995
1790,89021.7503617531
1791,166815.3667979194
1792,152725.2113545827
1793,137688.40314396803
1794,141187.21433882936
1795,139248.36943759205
1796,126554.63843005111
1797,109748.90251272883
1798,124319.54687749426
1799,113460.24596398362
1800,129652.37699641776
1801,129043.9943021664
1802,141133.01480487143
1803,150293.46189787838
1804,141326.86964516403
1805,135108.86206006768
1806,115214.52847750255
1807,132914.73507394447
1808,118972.61945143527
1809,127731.86845965787
1810,144936.97467105268
1811,108083.98097951285
1812,115298.70110035593
1813,120761.53971405442
1814,98578.88933054911
1815,57000.20548110819
1816,101435.69778761538
1817,131242.04081278358
1818,139177.33507810574
1819,119829.27670472045
1820,83845.23292213303
1821,115595.98972510266
1822,148111.13254443966
1823,64819.061753826725
1824,133059.77564221923
1825,137352.43474199195
1826,103077.29998428411
1827,109336.99391613877
1828,136770.08122927288
1829,108277.48634733415
1830,136405.61413054744
1831,151513.89749633518
1832,114324.14508478405
1833,137407.4757739314
1834,127908.76800827691
1835,151166.49233949225
1836,127333.12637030194
1837,100551.51438483615
1838,134309.37957377563
1839,93214.98372882538
1840,152779.0616336319
1841,140423.39506899513
1842,90150.97201863753
1843,143334.74446078917
1844,134086.6223404232
1845,147521.04288690587
1846,153529.43523021325
1847,152622.5390859525
1848,58564.00689315245
1849,115356.02978032066
1850,125654.50938690233
1851,154832.9582506154
1852,127739.52597559994
1853,142168.1591326405
1854,166649.35035762444
1855,153524.58108970925
1856,223155.22013122193
1857,177618.00164363667
1858,137427.26510701305
1859,121209.09769062487
1860,148991.19317565742
1861,121266.0667230071
1862,243677.66340973388
1863,242072.60176759245
1864,242072.60176759245
1865,325030.85072844464
1866,335501.7173271551
1867,241254.32561703085
1868,291991.4259736938
1869,201768.99015984318
1870,241674.63164625425
1871,252258.4945079481
1872,171148.62081644617
1873,223385.43119908636
1874,139254.57725829817
1875,203488.7172710452
1876,191561.58111309152
1877,210773.1971452388
1878,206768.84278071174
1879,131897.69932635076
1880,138613.50880438444
1881,245122.42482268222
1882,249824.310654872
1883,199085.98441163855
1884,216109.21027943876
1885,257151.0599409299
1886,298045.76165750914
1887,202815.78336342372
1888,274006.88264451147
1889,167686.84148710646
1890,132010.85735163037
1891,142178.94152233822
1892,110674.96616784061
1893,132534.35081725797
1894,128146.06042563065
1895,146810.66230716594
1896,126045.99879905743
1897,118669.62031659076
1898,113411.73606639824
1899,134204.55327719834
1900,133114.30819718505
1901,164545.57322857177
1902,140822.14388174974
1903,196175.1171506365
1904,137390.03441899162
1905,177270.21035534632
1906,147078.05844195184
1907,193189.40907226643
1908,115674.04003936326
1909,138815.64500768846
1910,127674.77989951363
1911,192583.36454437944
1912,264481.79234531603
1913,139344.32668464584
1914,63142.13832227029
1915,303363.00810490793
1916,71835.92187032204
1917,253814.05435907276
1918,135284.84339793195
1919,161074.92084049864
1920,169723.89589511036
1921,395328.83016906056
1922,329017.4715390742
1923,198108.42583671928
1924,220744.31871603656
1925,222254.13368839704
1926,380831.4450528259
1927,138095.38231652722
1928,156440.3717955479
1929,125122.7870839852
1930,128108.87734070129
1931,143713.0677399318
1932,146441.71421031147
1933,176007.12200120502
1934,178869.01140714515
1935,177204.1712812885
1936,187277.4637254408
1937,184681.98210940548
1938,175894.71919981847
1939,251641.25022307428
1940,193089.2409032541
1941,177701.84141288447
1942,191352.34762255606
1943,197813.66597681632
1944,321304.03543685126
1945,356180.85188317404
1946,159025.17400602304
1947,303752.3670882741
1948,172358.3862794113
1949,237261.16864224817
1950,177511.42157239135
1951,258857.92367893795
1952,228843.9217695171
1953,166155.05063609497
1954,196148.26340216538
1955,131752.14461435843
1956,271606.77027142694
1957,163427.61608032856
1958,314898.32538176497
1959,140775.31119945613
1960,117509.69707405184
1961,122570.61486283391
1962,95628.29578650241
1963,101257.52584232032
1964,113184.200279017
1965,149666.05482571374
1966,145591.211743576
1967,294742.4044204601
1968,393355.77561108686
1969,375706.9364445446
1970,413979.8026582943
1971,395988.9280520857
1972,345908.1643187767
1973,262258.5162052931
1974,317223.43428492354
1975,425852.3458270878
1976,276818.06301166804
1977,347905.80445465894
1978,337242.35905126535
1979,321430.98488307215
1980,196970.02161926974
1981,343117.84106221807
1982,226536.13991500903
1983,214422.44219568142
1984,167509.9957139501
1985,213823.5096090239
1986,214237.56126250036
1987,177474.6203611035
1988,178524.95818961764
1989,191058.47761994536
1990,217693.67158904692
1991,214796.63325366346
1992,213096.74492749167
1993,170866.3550700269
1994,235129.09231274168
1995,183454.24204604933
1996,254658.31375579876
1997,309374.7642921336
1998,334364.0825587184
1999,252562.65133094593
2000,293927.26325564284
2001,275175.7265927082
2002,237396.76443813823
2003,252201.1632501871
2004,267678.7850283238
2005,229058.2754789045
2006,220249.9093017474
2007,246328.73843845152
2008,203498.75935358566
2009,196446.42012530754
2010,192561.8964310967
2011,139881.52227868047
2012,180120.38945468504
2013,184813.26818202884
2014,192781.87337818072
2015,198754.5571036441
2016,199525.2560612337
2017,201140.90909528712
2018,126810.34866278831
2019,133171.32904000435
2020,116214.59092212252
2021,117428.56753876056
2022,173251.36608610302
2023,152492.43626897805
2024,233257.7728906155
2025,327775.4043625819
2026,185108.41433162437
2027,150938.057703094
2028,155726.34018962993
2029,172933.5584096905
2030,269027.2905012472
2031,222761.43755552624
2032,241829.411998907
2033,262810.7348465122
2034,165044.53320431977
2035,198896.0974707728
2036,183149.8927900278
2037,189628.27063641857
2038,277872.1568272236
2039,203487.4519711715
2040,335512.7380759032
2041,260256.18890399783
2042,201424.5510085076
2043,161180.5185678141
2044,169587.03547477856
2045,219363.66504937643
2046,136831.23940096842
2047,147135.09925041776
2048,135241.26203154243
2049,134765.03093138206
2050,175187.3284683536
2051,109613.99275737721
2052,135925.69756678585
2053,143521.66914738025
2054,86081.6514499373
2055,154606.59888200174
2056,135098.7516215839
2057,125798.11497488359
2058,219443.92537315475
2059,138371.2287776044
2060,157766.76648670208
2061,170869.36349477002
2062,137173.98957835376
2063,117688.61323350185
2064,136737.50019961604
2065,110358.60137592125
2066,173587.4553997267
2067,128625.23610904388
2068,134029.95327120964
2069,85710.29008500956
2070,108551.57396178861
2071,100421.55428591486
2072,137215.53421852452
2073,140071.45498609648
2074,169543.88332661387
2075,144089.1502148495
2076,122638.67036882737
2077,147355.4366768901
2078,129970.60820180942
2079,129980.61781310431
2080,113092.39480486987
2081,121088.85970213242
2082,128310.43631211515
2083,139524.2216686044
2084,110860.51263656993
2085,133271.35093069755
2086,112365.55943471205
2087,122806.4654648395
2088,105815.77905235102
2089,90577.5360582869
2090,131507.05350449338
2091,122822.02648153782
2092,124845.2411499492
2093,135723.82079917612
2094,125343.69704417577
2095,148862.0145156401
2096,90168.55268451324
2097,98445.62141535911
2098,142411.2938854821
2099,61674.00100004243
2100,110904.95471300685
2101,120279.60394260735
2102,137605.34934727804
2103,105314.0578092664
2104,135947.16295932003
2105,130859.69045529647
2106,79082.833138008
2107,210157.8333990779
2108,117186.27408780825
2109,115114.97312965056
2110,122928.14297938715
2111,144282.6018691461
2112,139528.88111225594
2113,116965.39291160625
2114,109727.45470062032
2115,150561.61262059346
2116,114820.27112376952
2117,140974.3282775876
2118,123566.27588852926
2119,106644.12922873521
2120,114451.10903182687
2121,96835.72635346878
2122,99922.22468574949
2123,87422.2148178684
2124,167866.32398841248
2125,132610.5615671829
2126,155867.4301292564
2127,145878.2644647491
2128,130703.30106349163
2129,103025.98559950355
2130,141529.4638076594
2131,153142.0577588915
2132,115524.67157487622
2133,115640.92370502671
2134,122416.32275957217
2135,101985.42774667118
2136,86735.98347093562
2137,115568.30471078074
2138,138180.4209755028
2139,151904.26409060758
2140,133924.4308523824
2141,133743.96880365838
2142,133457.66890523274
2143,145399.11934893648
2144,120560.8934418051
2145,134746.9473541299
2146,154871.75477487492
2147,159185.8982724875
2148,128567.94221755273
2149,138624.78218189807
2150,205716.0830899811
2151,118164.60075445489
2152,158891.50067018392
2153,157493.2794091509
2154,106214.18638557797
2155,132816.6414013145
2156,230308.6273340805
2157,236809.8121959785
2158,233719.85024665593
2159,209511.3177904737
2160,171443.3968981666
2161,251927.4883007353
2162,383509.3097561986
2163,353330.511662849
2164,257722.9600682109
2165,174529.3624227123
2166,143653.59574299373
2167,201599.76779996796
2168,206507.16175772267
2169,190343.20109626217
2170,218344.7642897351
2171,148672.64424484404
2172,137994.7597828154
2173,157275.15841066572
2174,233017.98791113048
2175,292272.4064744955
2176,308504.81967793574
2177,251185.11562739164
2178,220195.15670312828
2179,143886.60437307603
2180,192995.57116718765
2181,196370.6067068794
2182,228307.84261650415
2183,196226.30442655974
2184,137806.29358952102
2185,127568.93226537433
2186,139469.50564365965
2187,149474.6579022482
2188,155727.18936028375
2189,194912.7945204113
2190,85276.91350773614
2191,87413.77724882751
2192,90664.9439206324
2193,98291.22205241988
2194,103412.0744085929
2195,114269.35948786812
2196,112124.66421043334
2197,112897.89919269027
2198,151604.6929154942
2199,164377.1238201851
2200,131138.91284266693
2201,129581.0557761804
2202,180852.5859050222
2203,157374.27500931287
2204,174088.73321817705
2205,117956.94225238828
2206,126761.87593140914
2207,188417.46059388787
2208,220028.6982979573
2209,191564.3962077032
2210,120454.37545791699
2211,111409.27304714166
2212,111540.8033261459
2213,104697.64093501825
2214,136052.52156100186
2215,104547.34254688803
2216,142000.93614980314
2217,75916.39856058308
2218,93043.30568026083
2219,74917.7073500764
2220,80260.08821971645
2221,303547.11175979563
2222,248455.29610494873
2223,282510.55411198095
2224,218483.6577286545
2225,135810.5781924947
2226,186983.4460311008
2227,206482.3510626573
2228,273559.20601487265
2229,236094.48511305315
2230,162705.9559224177
2231,214682.27258372607
2232,183189.9610351658
2233,181757.844094731
2234,240702.88183625168
2235,216323.22478546924
2236,261580.9381175229
2237,348690.5403411122
2238,199165.74565998983
2239,118062.66161305613
2240,158957.42744353044
2241,146387.64036471932
2242,135820.0405683859
2243,132099.49982499043
2244,93366.8055729965
2245,94137.84025012284
2246,146302.87032710636
2247,99460.37290393433
2248,123115.70386008976
2249,125490.64271525107
2250,136718.49288697809
2251,125664.15043890098
2252,176510.38253340567
2253,162442.21630816738
2254,178506.69120893083
2255,188555.2587565462
2256,180976.40782375963
2257,201213.34890504263
2258,172791.74222919805
2259,179760.5662105103
2260,152113.57755294954
2261,178138.53777016478
2262,195967.36851223005
2263,329233.6540677562
2264,408820.1539648569
2265,157505.04574903485
2266,273491.92055121844
2267,349450.8326873236
2268,366510.3363068753
2269,160495.75227879142
2270,175660.46428027598
2271,223762.39918305946
2272,201329.50798280697
2273,163608.75496807497
2274,172028.42652499845
2275,163863.4094651179
2276,179561.83477041835
2277,183435.65455826634
2278,150981.89183832527
2279,125952.30883031954
2280,116352.81623630694
2281,178706.88229547266
2282,186772.72290119375
2283,101613.49444024064
2284,109127.3694068931
2285,142355.935398921
2286,129574.36706743987
2287,340832.0725203199
2288,264316.5041781035
2289,359420.97538750124
2290,416478.2193599129
2291,324975.3296181433
2292,407549.2181154873
2293,430233.8479161165
2294,375774.337485023
2295,432573.68869024975
2296,268004.3028793928
2297,313795.1312608153
2298,326478.16371278575
2299,362360.2748577147
2300,318069.481465493
2301,285649.1409132765
2302,235913.7531250037
2303,242789.67547292815
2304,245639.86944675495
2305,183442.91648390377
2306,184894.37413303123
2307,192542.6783440147
2308,227722.48919322318
2309,276302.6601458394
2310,220828.97279098546
2311,202158.3209575608
2312,175276.34156349138
2313,176089.4284109788
2314,176131.58855806538
2315,174122.14563822225
2316,191655.52281608176
2317,184261.07369769635
2318,177366.0973288903
2319,175693.72416468282
2320,180842.39979733838
2321,240313.55033594894
2322,171435.33344446297
2323,176161.12809933146
2324,170345.85798954844
2325,216338.8844397521
2326,167775.74058290955
2327,214012.33551874539
2328,221068.08599647685
2329,183650.52396232303
2330,180006.87877767606
2331,339032.12310529966
2332,353248.8969358147
2333,302407.4028281262
2334,257760.040891554
2335,259175.8074157309
2336,319440.3230805042
2337,200806.7556177665
2338,269779.7554767508
2339,228109.04832403577
2340,393668.1208067507
2341,216709.72077436966
2342,237579.48686942627
2343,220617.62123040255
2344,238121.48902826087
2345,237456.6442803017
2346,214049.67880305473
2347,196770.24397790592
2348,230058.1800188787
2349,173025.42134299464
2350,283883.7279351067
2351,250971.00164236868
2352,250550.01045725937
2353,244231.16372633848
2354,122268.15662572943
2355,149340.19526495965
2356,152196.54472457536
2357,199742.66607707253
2358,201825.23041988543
2359,121756.010010761
2360,121154.40343650784
2361,139428.88605543575
2362,270817.46848166664
2363,142914.2610612581
2364,152672.34366175788
2365,217485.84296561615
2366,192327.94828424262
2367,230689.50615240788
2368,204102.32410248363
2369,226406.1641859919
2370,170669.08986078485
2371,170629.41180388225
2372,181402.09455979313
2373,251172.26329504768
2374,274292.37854876043
2375,240278.01583254873
2376,259371.69858876534
2377,314336.66338996624
2378,141898.92829748624
2379,182533.7210615012
2380,146499.40739909874
2381,161871.0399740739
2382,185459.7494230118
2383,210745.42179899916
2384,242463.71409973787
2385,156570.6661732432
2386,141485.89931285506
2387,138440.13071624193
2388,96427.87264581172
2389,130314.91776511147
2390,143339.74918016055
2391,137219.2796470816
2392,114293.64189642268
2393,156432.65823956515
2394,144875.12942493666
2395,195866.3018260881
2396,148453.01173240013
2397,200768.96963058392
2398,123908.95587743512
2399,62125.83568304477
2400,58791.61040430689
2401,115829.40758982311
2402,135983.41038662757
2403,135959.41626254638
2404,153264.94827614925
2405,160633.23951967174
2406,134749.86034955434
2407,128558.76211001165
2408,139430.5747860019
2409,137386.75233266922
2410,163047.1247453445
2411,119434.25274487888
2412,157338.42028561077
2413,139987.78227034843
2414,136828.47503044273
2415,130578.63441591324
2416,125215.9126142153
2417,127744.81402107759
2418,125927.19127074032
2419,130151.68905966954
2420,126915.7103952784
2421,147242.53488145993
2422,116470.30240230427
2423,128604.88676011379
2424,150478.93526210266
2425,175047.76617353887
2426,125719.66236587032
2427,134690.16452753966
2428,165569.60044543754
2429,119265.6326706758
2430,128037.1054951502
2431,123994.66800293424
2432,136209.85599287917
2433,144490.68816168344
2434,144253.96749041596
2435,152365.2960205749
2436,105789.1730909784
2437,113748.51722226903
2438,124522.85642070395
2439,111632.56286075423
2440,121731.78524991115
2441,98449.23841934076
2442,106586.9987243581
2443,116945.25453864306
2444,129391.12865701408
2445,91734.75553078017
2446,125225.38943288926
2447,195704.8237409697
2448,147569.3840190128
2449,111750.20733910534
2450,145670.51042518375
2451,127979.52589947883
2452,212119.83381442382
2453,99945.39969020897
2454,124690.08895327183
2455,104812.17084707756
2456,131722.8625033941
2457,117901.92499329474
2458,117893.50823745427
2459,111328.80302844601
2460,136239.05609476747
2461,119375.11286902177
2462,132893.80131009157
2463,116938.02617159941
2464,152376.5167190956
2465,128800.25234241011
2466,114777.31215413302
2467,137110.13823487083
2468,94708.39449355633
2469,91817.86630405237
2470,177064.5803337647
2471,183586.4436923694
2472,163740.14105689537
2473,119421.16621602191
2474,108165.9422141198
2475,214474.86230195776
2476,104321.07777871772
2477,130967.63615792072
2478,162678.16966491748
2479,116486.86517878776
2480,139782.30638811673
2481,128020.04777748486
2482,135401.85629753038
2483,117718.86890665225
2484,122494.6048013375
2485,122928.57739805823
2486,153218.53571073868
2487,184337.55261337393
2488,141718.52279094738
2489,154375.446359607
2490,150026.38658444947
2491,90530.22827617516
2492,181740.64207899795
2493,149577.94256642924
2494,165609.06809271866
2495,100519.06400321066
2496,211868.31800868985
2497,143686.3410869939
2498,115017.04912534564
2499,89608.06682024681
2500,131148.02630315354
2501,131880.1623543078
2502,139720.52946549456
2503,103919.22210538862
2504,177808.10436404747
2505,218043.775099552
2506,255837.4601500567
2507,305717.1350158192
2508,255195.55753572015
2509,221306.1628479996
2510,230194.36730422132
2511,186600.3491274156
2512,217972.1684694067
2513,221220.20932754167
2514,226565.0052841454
2515,149368.94153102685
2516,164702.59241936597
2517,134320.05692551748
2518,147224.7203928654
2519,229012.65818364386
2520,205039.9301518803
2521,193251.33863283467
2522,218635.88299111914
2523,132175.8870090921
2524,140076.40807618076
2525,144809.54029518797
2526,139580.62602004758
2527,117352.12860943364
2528,126796.58595652285
2529,132443.75047232967
2530,114118.11810423143
2531,242543.47831865834
2532,232242.6698875752
2533,201238.40438274114
2534,241086.67466244535
2535,282372.1796000758
2536,230051.47235313873
2537,221374.68418096102
2538,181858.3993957233
2539,188970.70710805574
2540,177345.347493545
2541,179186.5177793179
2542,171891.64936058613
2543,132030.06030528632
2544,125987.14875770442
2545,134731.70472395793
2546,142638.39625461228
2547,137200.02910633627
2548,150139.06004618882
2549,168110.442022631
2550,499903.04354938894
2551,142335.6545284962
2552,125079.3321102448
2553,85829.23500493035
2554,106610.96166800972
2555,112130.4369054961
2556,108861.618557692
2557,115947.76084905831
2558,150751.11920129455
2559,136426.23809476203
2560,128059.48954793553
2561,125049.99775582967
2562,127513.87806355738
2563,143390.9754612116
2564,170159.15044590904
2565,126807.51908788888
2566,154607.45192068652
2567,127337.18661659687
2568,178754.0318903531
2569,185003.25563512294
2570,119972.08726114771
2571,179984.9813980275
2572,156641.02447083863
2573,219352.2020433915
2574,263108.9172109259
2575,124767.91847459748
2576,130466.50630659888
2577,149005.15156388862
2578,95988.25647815717
2579,78137.55403949489
2580,132889.47464824666
2581,130710.83899530135
2582,115644.21326056862
2583,276433.9629986573
2584,163158.04478405288
2585,190504.2659330579
2586,207393.25710208758
2587,192820.07657737995
2588,134807.05204874356
2589,144454.33172389623
2590,213753.6568763548
2591,204964.45113888494
2592,222081.95890075868
2593,251725.60419641374
2594,173954.8739007498
2595,204594.8945226937
2596,334461.6665277441
2597,188793.98068128809
2598,265031.91978527943
2599,321272.5601754666
2600,130871.30140209658
2601,137412.34532105693
2602,85130.35663067765
2603,89471.91574767443
2604,89721.11204258657
2605,85557.57546202153
2606,148908.35206548183
2607,182159.02983694727
2608,193893.21986421186
2609,162430.7317276424
2610,113499.59602038017
2611,137356.86738430744
2612,151855.12383265255
2613,128700.94630452334
2614,126101.04253561092
2615,145303.6770694352
2616,139604.6606867572
2617,172009.5429877275
2618,184242.21151917387
2619,207525.85118621105
2620,184839.08362992085
2621,184860.8551141994
2622,188487.86132643532
2623,242667.6803791074
2624,278615.63820849557
2625,305925.08389425825
2626,164765.68425483265
2627,168220.20145065826
2628,400896.58031500335
2629,418693.214768291
2630,344230.7628352272
2631,452244.71341697
2632,372427.30753216904
2633,296652.3479745843
2634,390838.6882034005
2635,153664.6063078847
2636,188348.62666378016
2637,168872.89503250938
2638,247954.0063220396
2639,177842.10960455827
2640,151034.5593430433
2641,110577.18933416685
2642,194835.10599059812
2643,104634.84030113011
2644,136125.62469730922
2645,101519.35889499146
2646,94477.92968745818
2647,99740.2891546238
2648,140196.7515901344
2649,145074.62386064557
2650,141017.50956855094
2651,154674.56254326864
2652,422915.5010984636
2653,250250.3171556828
2654,250069.94448420143
2655,364048.7248916852
2656,321585.8102938004
2657,312483.47714366054
2658,276062.2780642888
2659,293645.33649764024
2660,318355.1548908918
2661,340905.11278186477
2662,359867.8658859009
2663,273823.14059235755
2664,275329.53420036397
2665,315677.6384448047
2666,280699.0562829328
2667,171683.14996937427
2668,177754.94932918117
2669,179224.12336533592
2670,285334.1020214428
2671,178460.40013789322
2672,185481.94721667017
2673,212786.00868680098
2674,205858.06278359884
2675,170594.11663933937
2676,186567.48789875422
2677,193688.37298074132
2678,252919.33363576583
2679,276714.19853640447
2680,273045.99446415086
2681,363539.5314995164
2682,314351.6182761315
2683,456774.3348211769
2684,305428.77360117505
2685,315815.2365817574
2686,260511.32222287764
2687,299970.1857891571
2688,231311.4259189898
2689,208501.37407344158
2690,449544.848481765
2691,191403.59060834473
2692,131536.89559268675
2693,197013.36740300467
2694,125566.73742896349
2695,194018.17721008646
2696,185211.1812289129
2697,196367.96533000408
2698,202464.66775408346
2699,180542.76556534265
2700,169868.05949034882
2701,160881.87233913256
2702,118959.01208301136
2703,129551.56507692864
2704,142948.001707717
2705,124505.29731994579
2706,118912.90393571343
2707,124459.26899457313
2708,133604.203045522
2709,105854.85783432181
2710,124082.85265888438
2711,271872.7397791035
2712,339287.3243637391
2713,173560.8967104603
2714,151437.1273869958
2715,169906.46592529514
2716,154904.16281871538
2717,183996.7875748188
2718,229730.34491121437
2719,157108.3602440847
2720,160976.81943271065
2721,144323.39992026973
2722,161771.31398964438
2723,149365.54552246456
2724,128791.96130716291
2725,138973.05199451276
2726,146552.5868322533
2727,168340.87544558328
2728,165402.26592541765
2729,150905.49396874517
2730,145099.1654470906
2731,120932.93261608141
2732,120261.13066939684
2733,157263.7104697934
2734,143915.87544215447
2735,130774.08159652524
2736,147246.02006951952
2737,123517.78302650704
2738,136466.84519171523
2739,157851.57933993422
2740,132713.99988212864
2741,150064.55070383218
2742,152144.2571661064
2743,147971.47408942637
2744,146768.1548963032
2745,136083.19650843137
2746,132396.23038632624
2747,159801.1283873192
2748,126185.36761065328
2749,133058.68989825595
2750,135488.14460375006
2751,128060.62372715033
2752,222048.20564629204
2753,149887.020556371
2754,202722.2320744109
2755,123540.49592616905
2756,98590.87276812956
2757,74932.98230951968
2758,89261.88278210694
2759,153992.29068319238
2760,137812.4316446073
2761,146770.38220787965
2762,146528.34769091065
2763,174536.05694394105
2764,168770.83929425903
2765,245087.64813384454
2766,137989.1285472524
2767,88297.83037193741
2768,125875.22646701444
2769,132693.89916738938
2770,143821.8444477817
2771,116994.70357449046
2772,121349.82346420783
2773,155015.64643119628
2774,136000.33120227425
2775,126981.31008418523
2776,139575.10929385823
2777,141349.32557180803
2778,108426.1402826009
2779,133070.44075274857
2780,101507.29599848445
2781,99990.43776081741
2782,100851.13251687113
2783,106033.85710617783
2784,128746.5499065739
2785,138483.5799418794
2786,78704.66583905654
2787,112592.56411395798
2788,87020.6104136239
2789,169287.45857114566
2790,88487.78435825136
2791,118361.60331502232
2792,73339.27209984566
2793,153773.94335931973
2794,106293.13908693589
2795,119281.18885969245
2796,100239.31950769943
2797,188265.09170451
2798,111389.70820570695
2799,120092.29406043068
2800,78089.88963007912
2801,109450.1623748213
2802,133654.85359576414
2803,143234.71530629435
2804,142063.35359013046
2805,100616.0557995393
2806,94549.7104705209
2807,146072.33160641827
2808,151120.55417932404
2809,132127.44841345196
2810,138433.65763809095
2811,161430.706050219
2812,146597.20543171102
2813,153995.46311647326
2814,155165.09325020722
2815,96362.70341555326
2816,231272.03657708692
2817,140202.99171449445
2818,132022.46967137343
2819,168390.7493171904
2820,142231.81862520234
2821,109183.69229729146
2822,182646.6356662917
2823,228831.75284054474
2824,175175.08021591647
2825,152820.01635920414
2826,129881.41952958929
2827,134573.206460157
2828,227119.76177556513
2829,183365.10055926655
2830,230893.5955735113
2831,188554.97101861695
2832,230195.99206993537
2833,282785.7109577914
2834,217733.54558956856
2835,221083.36905030644
2836,191415.86114093757
2837,156323.23210617274
2838,146148.5238941665
2839,180524.71652716145
2840,191687.50922192502
2841,202778.8764475339
2842,218737.33246123744
2843,146951.37371066562
2844,149866.29027869768
2845,121668.39857396524
2846,212018.308296261
2847,194169.03301025875
2848,207394.53475949002
2849,211276.86989959123
2850,273942.1905815862
2851,230756.58253356928
2852,220931.1833056572
2853,235417.62593987162
2854,140632.12911485537
2855,202724.14996226438
2856,211429.39120757976
2857,188102.48513707911
2858,198703.22613219477
2859,134284.5645678159
2860,126031.45358803263
2861,136104.14397277066
2862,200164.0030528767
2863,119169.61624781319
2864,250647.93838214144
2865,141119.0461184061
2866,138173.9381723318
2867,94581.769869466
2868,115151.57739336445
2869,118888.09759385981
2870,154240.8846581792
2871,104757.5307980123
2872,58827.463182416264
2873,104147.36532570765
2874,129662.38618904034
2875,114202.99198936495
2876,160301.94039176987
2877,139921.5086104288
2878,164214.38080363857
2879,136586.4153121829
2880,107182.38217761996
2881,147142.6281723086
2882,158634.7761694799
2883,171407.7491294359
2884,185620.9180453623
2885,175182.38345536514
2886,192826.170962373
2887,98236.36809133894
2888,123128.41078946748
2889,59084.332319980786
2890,85313.21354734886
2891,135660.86785471713
2892,63928.53965746908
2893,104090.10855499475
2894,64703.91088199473
2895,301817.4952010159
2896,279392.49755778594
2897,197160.30545887255
2898,146611.98663536386
2899,228424.01563133503
2900,157143.42229799044
2901,191566.59411835996
2902,188959.87385053397
2903,337221.90677655395
2904,347437.1786310436
2905,109661.45603287047
2906,196169.98046147244
2907,113859.55601278902
2908,129190.36643922245
2909,148766.89776952704
2910,83756.69455499515
2911,83687.39436891252
2912,152989.82164842065
2913,87704.5902103487
2914,85514.8621646876
2915,86328.16030966058
2916,86569.16442967433
2917,152385.16527411612
2918,114881.28340006655
2919,217826.56650972262
