Id,SalePrice
1461,120985.16429792429
1462,155523.2917277167
1463,166620.45608724607
1464,182703.27708161756
1465,208262.50364820365
1466,180306.65815476188
1467,172097.06460861696
1468,176818.12864715405
1469,187295.66511165365
1470,115138.20542207794
1471,196527.61213605042
1472,96134.752991453
1473,103715.29166368516
1474,160244.82926244615
1475,127858.8727106227
1476,376498.03463999234
1477,264943.4640062008
1478,321993.97568098985
1479,302103.1628226881
1480,525296.1292611335
1481,353705.56608724606
1482,215570.14502997004
1483,176544.2550864305
1484,171389.5858769595
1485,153708.96913863914
1486,205398.61610576924
1487,363773.9342857143
1488,259748.47491659928
1489,200879.13999999998
1490,194922.95105459058
1491,188790.24597352074
1492,111235.07549153746
1493,174666.2116761932
1494,297752.0448318826
1495,312016.95824513596
1496,215547.17706991284
1497,189982.1262560205
1498,149120.92966810966
1499,149120.92966810966
1500,150811.14439033187
1501,169840.02620027677
1502,144163.3746176046
1503,297612.3779223227
1504,232624.56456141896
1505,223488.17706991284
1506,217212.56877513617
1507,222003.46564213565
1508,196093.51029662235
1509,169956.12567228632
1510,152658.27381567264
1511,151647.9115934504
1512,198657.3583658237
1513,161464.20278930612
1514,144027.8991147741
1515,165263.02265560528
1516,161304.8800255719
1517,146053.68067271353
1518,148530.90558197064
1519,207335.36777504106
1520,138814.66222121724
1521,144389.23981772613
1522,177392.56180695485
1523,124792.27048611113
1524,119567.85208539556
1525,127996.05674984737
1526,130609.13574163581
1527,80700.61914842263
1528,122587.05177532551
1529,145045.66132708272
1530,156445.7603262368
1531,113981.34313186814
1532,102040.50670440671
1533,169827.36951173728
1534,124024.48984257164
1535,147871.0868971875
1536,119546.87830590569
1537,73111.42289377289
1538,170807.12695637695
1539,193294.028280543
1540,130706.4126984127
1541,137874.27979129637
1542,147871.0868971875
1543,229431.89929339476
1544,86451.07424808566
1545,111030.96109825847
1546,121640.79580478344
1547,135566.3538623995
1548,133333.87089894418
1549,94926.02867223216
1550,149863.32789457357
1551,121036.05112893642
1552,152044.2158665689
1553,127948.275
1554,123936.82214399392
1555,169392.16660202542
1556,109586.89913811679
1557,134290.69153934304
1558,106367.30678812417
1559,123388.82902930405
1560,130303.91077484823
1561,148428.63690476186
1562,119689.48233211234
1563,116605.6156043956
1564,170411.06395618172
1565,148410.2484934548
1566,157818.13907319095
1567,78618.46548541897
1568,202475.69644380853
1569,139127.04635565696
1570,106890.08865625602
1571,131516.07412901914
1572,142123.18125916758
1573,232100.03599670622
1574,158409.5682037364
1575,193323.78325123148
1576,209524.6984126984
1577,200879.13999999998
1578,149213.39788738062
1579,142012.93120691358
1580,192703.70982899514
1581,135709.394486532
1582,126535.15615306786
1583,355176.57323010324
1584,238212.6086394873
1585,142993.26797198172
1586,83024.73506190206
1587,100592.1153022688
1588,145264.36081339713
1589,107606.58547860035
1590,138906.41383510668
1591,102428.22479603729
1592,123999.71183817508
1593,121007.77290263501
1594,173611.38055555554
1595,139787.6477414933
1596,275974.82618978247
1597,142081.85700797135
1598,179045.47787068007
1599,172228.47377622378
1600,181472.33086530448
1601,66768.08153235653
1602,109282.86586016323
1603,94234.97198670894
1604,274370.63946205383
1605,255725.31384916828
1606,166681.14434142245
1607,217512.2938961039
1608,193926.96660478885
1609,199752.77000000002
1610,160186.077367159
1611,148220.26548423368
1612,190059.11993365837
1613,183060.6813433215
1614,127299.61946329029
1615,93365.56561493315
1616,93365.56561493315
1617,92220.96689698444
1618,120734.30376068378
1619,134353.76064935065
1620,171143.9632034632
1621,151131.99389801375
1622,146722.52405728278
1623,273398.88620490616
1624,206939.0905208007
1625,122280.97058479532
1626,166604.8213535606
1627,186830.80147186143
1628,267760.412077922
1629,176750.4945373467
1630,344912.9244778614
1631,239338.79976787916
1632,269205.21765271766
1633,153708.96913863914
1634,178964.71671117446
1635,174505.50938209496
1636,172097.06460861696
1637,179716.67764087577
1638,201445.74637455965
1639,186361.49097295085
1640,276687.7866605617
1641,176931.21222564374
1642,211422.06758959993
1643,244815.62866398305
1644,227417.99313284754
1645,184340.00661982168
1646,153118.2419108669
1647,168043.09690330835
1648,147665.50076011708
1649,135750.3307677111
1650,118368.65158508159
1651,118368.65158508159
1652,98368.32442002442
1653,99179.9910866911
1654,165890.38939675628
1655,149339.37781523904
1656,161653.60690667693
1657,165890.38939675628
1658,161653.60690667693
1659,127858.8727106227
1660,138358.04580150306
1661,447478.4983766234
1662,421138.6888257576
1663,382474.15864676994
1664,500506.1239039907
1665,340421.79849664646
1666,262737.48059907835
1667,364407.7221224147
1668,340421.79849664646
1669,281496.29845363786
1670,327328.96766331315
1671,251659.70480952383
1672,473274.6724179767
1673,290333.5029800307
1674,268461.60119110905
1675,192106.5313145007
1676,185894.36096270406
1677,207248.88399197225
1678,479032.7633270676
1679,378846.59301948047
1680,326834.03622252744
1681,249008.11833607568
1682,296890.5739324116
1683,184562.3018185901
1684,177477.3564195605
1685,173044.20721407325
1686,186220.87480099406
1687,153708.96913863914
1688,192091.49597352074
1689,187109.7876401874
1690,180864.0206812248
1691,161246.82026162246
1692,235342.44188311687
1693,153708.96913863914
1694,180097.62507280766
1695,166373.4956898657
1696,275466.43373709626
1697,166373.4956898657
1698,372354.6671861472
1699,335754.0512987013
1700,241938.84966512833
1701,268335.0053511303
1702,290361.5217857143
1703,279244.543451086
1704,296047.90309907834
1705,272306.9258991009
1706,478116.6099179767
1707,208779.88288493114
1708,213886.1496004379
1709,287441.3871543489
1710,223283.9813936064
1711,223203.187021312
1712,283805.1486904762
1713,232551.30884781884
1714,216100.31725433748
1715,185973.74597352074
1716,189486.0504864627
1717,154686.05959595958
1718,148341.04230128613
1719,208079.49419469418
1720,260938.19648519237
1721,156027.80786435786
1722,135468.2153468753
1723,157703.28828338327
1724,201841.84788493114
1725,233561.00894251754
1726,198026.63156288155
1727,181126.864647834
1728,179913.58772881134
1729,164433.39435912127
1730,129083.18374542124
1731,133741.68581670374
1732,125607.9273181601
1733,114927.12195360195
1734,139347.27310326908
1735,122085.48527525613
1736,122085.48527525613
1737,330957.34689393936
1738,201989.15780423282
1739,330383.93797979795
1740,209755.18474375084
1741,169937.26611769872
1742,169840.02620027677
1743,178638.14958195368
1744,262290.74937839934
1745,282119.3718058608
1746,227483.39102564106
1747,202938.1167387053
1748,235500.7121699134
1749,160451.2656156369
1750,154072.05737179486
1751,243337.36596006146
1752,116605.6156043956
1753,181656.94548310892
1754,234988.25529339482
1755,164109.8666971917
1756,114713.41183919024
1757,113644.3065934066
1758,146125.86964861094
1759,160606.8390797992
1760,166918.27530883875
1761,143328.01775196596
1762,162946.70194462253
1763,177392.56180695485
1764,124770.61169590642
1765,186987.85967316927
1766,167223.72751961675
1767,190437.38980629778
1768,142123.18125916758
1769,160450.5120004995
1770,133185.3406278741
1771,144389.23981772613
1772,149946.8024114774
1773,141899.17293460926
1774,156067.3209991621
1775,143379.43588896404
1776,118158.08790376331
1777,112778.07836155074
1778,131730.88760088882
1779,103975.33042048392
1780,168388.93621378622
1781,144389.23981772613
1782,99820.11031202172
1783,132490.27485714285
1784,77640.40070314243
1785,119793.16748366012
1786,165345.7328005328
1787,159125.34086795556
1788,63847.64017649018
1789,96897.6195398169
1790,72197.22897102896
1791,224692.76447871575
1792,151069.1977106227
1793,143352.40810870644
1794,136582.19965822165
1795,145670.95334620334
1796,106632.37301587299
1797,120342.11709301535
1798,135232.670036891
1799,103763.34414299151
1800,119419.6237271772
1801,136603.0358849715
1802,163194.78841315355
1803,163811.571800337
1804,138383.4962653591
1805,143102.56964885312
1806,142596.1080035089
1807,169030.50077836285
1808,104379.98606230368
1809,109747.58044243339
1810,155901.67839188591
1811,117790.30224867727
1812,113219.74856053533
1813,127950.67559813238
1814,100051.99514374515
1815,72731.23446553446
1816,86106.15873938723
1817,122509.44000215472
1818,141521.25849980416
1819,116641.20983193276
1820,69584.75348369521
1821,140085.18375137218
1822,152281.24210190243
1823,67774.99176379175
1824,140085.18375137218
1825,123151.06470588237
1826,101122.81945367294
1827,105604.8562113938
1828,141022.04211086268
1829,116312.06626559715
1830,174522.17597541344
1831,169042.98214285716
1832,135249.74206349207
1833,153852.36272685727
1834,108631.4512605042
1835,174555.32095238095
1836,152310.67837159903
1837,93302.57874347873
1838,134499.53005087463
1839,88024.82235884285
1840,163332.62812405982
1841,144964.39682072314
1842,106956.57261542347
1843,139937.96207484242
1844,118308.20384615385
1845,152647.77151149523
1846,148436.9125525526
1847,160520.0792372198
1848,66996.0170995671
1849,101218.35275613274
1850,138316.72760633548
1851,150154.79382081662
1852,135717.86458052456
1853,140790.6150132275
1854,156752.27097371226
1855,139680.9548683701
1856,234511.40792418108
1857,122320.37892156863
1858,150013.6494953195
1859,123976.31963619713
1860,149992.05351954157
1861,123976.31963619713
1862,298216.2590462316
1863,298216.2590462316
1864,298216.2590462316
1865,303971.56324786326
1866,340421.79849664646
1867,240659.27451254622
1868,278371.59535714285
1869,192798.31922150217
1870,194472.99230519478
1871,261648.9963841823
1872,168787.5418632984
1873,250843.5026959922
1874,133101.12561558813
1875,198760.6483305966
1876,200141.90315526768
1877,191751.71975916802
1878,223488.17706991284
1879,123834.86643467641
1880,138383.4962653591
1881,228108.20208014207
1882,261304.75047555013
1883,194498.70744804275
1884,214638.43068483804
1885,257337.50135832577
1886,258281.35480392157
1887,188354.4764217647
1888,258422.67610563902
1889,164498.06122116276
1890,131063.0046741453
1891,144816.31816308195
1892,113417.66491341991
1893,144494.59766641824
1894,143001.1848290598
1895,152075.15443258002
1896,129059.7161302038
1897,125108.20505377655
1898,115503.89104287869
1899,125826.88617715616
1900,129647.03151906915
1901,154738.38328147837
1902,138582.98123288498
1903,238018.36640692642
1904,137502.05157342655
1905,184220.24694915494
1906,142794.26433308492
1907,179753.63120839736
1908,125824.82974627
1909,140120.78452204977
1910,140120.78452204977
1911,194932.39592698967
1912,278215.21782217786
1913,128190.16696489076
1914,74561.69388927319
1915,282606.9959288713
1916,64781.11541791542
1917,257480.23543353332
1918,125501.80794871793
1919,147597.6758903134
1920,181305.5466735851
1921,422130.29748376616
1922,303381.60705738707
1923,228909.5158131177
1924,227637.37957142858
1925,242729.5425516151
1926,373607.8912703963
1927,136047.0925642479
1928,162768.52752039878
1929,123237.63704342442
1930,112420.46190476189
1931,139876.91207441207
1932,147061.09389801376
1933,154473.15830735827
1934,182703.27708161756
1935,174662.64430856553
1936,182703.27708161756
1937,187802.9943290043
1938,184277.94245443263
1939,269170.55613053613
1940,208262.50364820365
1941,185160.13718614716
1942,189576.6956654457
1943,201502.9646871647
1944,326587.0185914563
1945,361625.8297552448
1946,182436.6216589862
1947,300832.0577492442
1948,163330.63271285346
1949,256503.56728205123
1950,185101.07539021963
1951,251197.89535714284
1952,272554.4187056277
1953,164522.85586385836
1954,200238.78395482252
1955,141895.14822631073
1956,301008.44074786326
1957,170091.8299005691
1958,297752.0448318826
1959,164754.28949945202
1960,117142.92575396826
1961,125607.9273181601
1962,98368.32442002442
1963,99179.9910866911
1964,120687.3085326438
1965,165730.54354816044
1966,147647.58935792066
1967,265896.8497167501
1968,425260.87502620183
1969,371908.2821794872
1970,425129.02920369105
1971,433191.475
1972,349175.4552081742
1973,277040.5929864254
1974,289617.86964669736
1975,479032.7633270676
1976,270904.5627953872
1977,354474.82856180856
1978,367242.92432900437
1979,368178.99509615387
1980,202327.84852570243
1981,318179.96783933806
1982,209630.77002997004
1983,209630.77002997004
1984,175557.42178670256
1985,192615.47801313628
1986,198624.83861063057
1987,185165.33211911577
1988,182742.458406141
1989,194498.70744804275
1990,217939.5805322129
1991,207248.88399197225
1992,224963.29144507195
1993,172240.94733454954
1994,249252.08298245614
1995,190659.7876401874
1996,260315.26793282968
1997,339936.9692233257
1998,353106.7319810745
1999,246488.22863948726
2000,324123.0272889148
2001,251181.19479000344
2002,228108.20208014207
2003,265398.7563004442
2004,239680.51056982233
2005,235277.62232767232
2006,223908.9624669448
2007,270262.16367715615
2008,190038.86878578243
2009,192453.20973674022
2010,188790.24597352074
2011,150741.04230128613
2012,178687.58106988252
2013,177187.34625
2014,194207.25198412698
2015,188357.14536376463
2016,190245.987514518
2017,198221.17898351647
2018,131105.09666859265
2019,110717.74725274726
2020,119370.08105006104
2021,111475.20757020758
2022,166604.8213535606
2023,162678.46553464868
2024,238606.6600865801
2025,363753.4264619883
2026,184180.39980099406
2027,147172.68439033188
2028,163631.91029304027
2029,176132.96440361574
2030,293784.5853565732
2031,212414.63225940726
2032,244803.02229437226
2033,264514.4285048285
2034,168451.49778409995
2035,208682.86225024975
2036,201330.68675676177
2037,201330.68675676177
2038,284001.8889610389
2039,197348.173010323
2040,357601.90636618284
2041,227731.84615092803
2042,221445.91261214632
2043,165756.66897260823
2044,204880.15630760367
2045,237779.68604551005
2046,154066.84050260554
2047,148733.3323169842
2048,132611.5864018472
2049,145030.328984904
2050,170901.6235054254
2051,100480.20895306244
2052,145849.59437850438
2053,143707.56912597912
2054,84554.87137845067
2055,158289.5771750373
2056,112868.68655462186
2057,133889.5036425555
2058,202475.69644380853
2059,143427.84792583424
2060,156363.52402342772
2061,168303.88883776718
2062,142761.73579264578
2063,101668.6835202809
2064,145428.9946604161
2065,127406.07238856824
2066,179071.47145614756
2067,120543.75396825394
2068,150717.80487012985
2069,87210.8779143984
2070,114642.99157509158
2071,89034.29612502194
2072,136599.5439997728
2073,140199.7731222078
2074,168097.17866716618
2075,143492.63248452533
2076,123493.05855803606
2077,146436.02056986876
2078,133422.49225911323
2079,142263.24628571427
2080,129234.5321571567
2081,139523.45246197836
2082,149781.88690476186
2083,153975.24736877994
2084,113606.6754315974
2085,142810.56912597912
2086,119041.89047619046
2087,136232.9011974692
2088,113722.30804858934
2089,103985.69502719503
2090,134567.91949531907
2091,116611.31205259883
2092,159427.63606087925
2093,140104.29527434675
2094,116952.73828948829
2095,156925.9530757856
2096,85376.71429494278
2097,93461.80876900876
2098,149327.5312920095
2099,57913.85375457876
2100,110428.50915750916
2101,126217.93440006995
2102,144893.6071239584
2103,88362.13096160945
2104,137997.54706257084
2105,123805.27407407408
2106,88160.23754578756
2107,262429.04154914536
2108,130609.13574163581
2109,113831.97572483071
2110,112827.67867451604
2111,172941.16396103898
2112,142509.72540397482
2113,115433.694376212
2114,116641.20983193276
2115,150997.49336204334
2116,130428.03971227766
2117,140393.24436714526
2118,122847.80747783657
2119,117328.01417131764
2120,106084.13247145011
2121,114936.07902189597
2122,107155.03579911319
2123,100491.32583617933
2124,204601.878416005
2125,145943.11359450378
2126,173226.73481405142
2127,166325.84746376812
2128,135548.90290201321
2129,102328.29919349655
2130,148369.35148136175
2131,197563.94176740356
2132,124822.2993315508
2133,115905.05038257335
2134,121176.17593706361
2135,91921.40596160945
2136,95046.17493291022
2137,128247.56440322341
2138,136039.35570293065
2139,146950.20198754995
2140,132064.17629822227
2141,118308.20384615385
2142,141994.52457484242
2143,147609.21593610093
2144,127582.71167508252
2145,124798.04484508547
2146,142345.09672300672
2147,159243.33292595303
2148,121531.19803921568
2149,128676.2927292368
2150,224511.09784564291
2151,116352.24538461538
2152,173646.93684012064
2153,177552.3589097177
2154,111476.52152514152
2155,121867.45074043602
2156,238606.6600865801
2157,228982.18604551005
2158,224972.88989489852
2159,214682.6337373411
2160,164179.89316017315
2161,271842.5863834168
2162,435247.36415043287
2163,340421.79849664646
2164,241874.36476787916
2165,183830.86518871092
2166,142554.84189723321
2167,188354.4764217647
2168,199877.78893615346
2169,184173.62097352074
2170,221089.82356532355
2171,145749.84015253893
2172,147538.96571239605
2173,153850.97080735827
2174,247660.89039682542
2175,306746.1898845599
2176,262737.48059907835
2177,255977.06103174604
2178,212949.4024975025
2179,144087.77013648392
2180,224747.81735930737
2181,196846.89558334384
2182,231345.28162559663
2183,205559.63399197225
2184,145146.05595951594
2185,111256.08568077919
2186,152152.89418803417
2187,139263.29660117434
2188,161335.70743576458
2189,188648.67510822514
2190,83056.40572100038
2191,83056.40572100038
2192,100091.06202142344
2193,95452.1697460706
2194,106318.6227059762
2195,110660.27326792773
2196,99888.91433288188
2197,107402.01957574696
2198,169177.2129120879
2199,185540.11750186386
2200,110306.06218809364
2201,121971.66480112045
2202,176646.2134948385
2203,166468.34335044256
2204,146734.5031817526
2205,134057.62410049472
2206,135000.93385620913
2207,193738.6853979354
2208,210015.54049220672
2209,184221.72750099364
2210,125824.82974627
2211,121002.23609517867
2212,108022.76264893003
2213,104254.61009121597
2214,150063.74740248057
2215,94168.72006694855
2216,147294.23103460541
2217,78881.23186813187
2218,98321.91268143621
2219,72056.78929494278
2220,72033.63863080615
2221,282606.9959288713
2222,255125.57254761906
2223,262938.6250957376
2224,204906.51706349207
2225,130246.31655844154
2226,192700.69683721298
2227,187211.59779459477
2228,257429.8817340611
2229,213248.33660114394
2230,160186.077367159
2231,197734.76516548288
2232,192910.0434138014
2233,173364.19139433122
2234,268671.28716283716
2235,205372.31113263976
2236,276846.92583333334
2237,360267.5292907093
2238,187356.01273205163
2239,132520.07519536017
2240,169676.16060485755
2241,145927.46824061967
2242,139910.71258713384
2243,136078.29556878307
2244,93070.20023031777
2245,93793.43881754755
2246,141246.35576146076
2247,108492.9837995338
2248,122719.79372294371
2249,120009.50554223554
2250,139186.3864989645
2251,129887.84157064305
2252,190437.38980629778
2253,155804.63031510974
2254,172267.25135746607
2255,192999.0505911651
2256,182331.2133385674
2257,201193.45897170465
2258,178594.54083432164
2259,190212.0852380952
2260,161224.38184530445
2261,181472.33086530448
2262,207456.32923742925
2263,331416.6992586117
2264,478116.6099179767
2265,149762.99309368306
2266,293480.72535657324
2267,315037.39293650794
2268,364118.1106244246
2269,179027.09632193547
2270,171052.2555025288
2271,239418.03050485003
2272,191999.58256503585
2273,168579.80167210902
2274,179013.08308217747
2275,173146.53134529022
2276,172352.96120650184
2277,201073.02313970425
2278,152616.5202121202
2279,123006.51860858945
2280,112252.83394577645
2281,181126.864647834
2282,181709.97374429315
2283,106139.74871794872
2284,123900.2033799534
2285,149778.64269878267
2286,132064.17629822227
2287,325249.6498382215
2288,277241.1895238095
2289,384204.631024531
2290,411125.1128941673
2291,322127.6519247896
2292,399618.15119047614
2293,500506.1239039907
2294,427433.3840909091
2295,437518.90357142856
2296,300721.6804232804
2297,277040.5929864254
2298,322478.82777939795
2299,400581.5263528139
2300,328566.9531980057
2301,228312.6794582868
2302,226023.19208014206
2303,279723.9748412698
2304,257189.17604403393
2305,181426.1063237289
2306,181426.1063237289
2307,192106.5313145007
2308,247172.2672242572
2309,269995.57193920633
2310,217346.6816701817
2311,184562.3018185901
2312,176928.79857770962
2313,180195.39243391875
2314,174375.9595243922
2315,172205.75721407327
2316,198349.47471689896
2317,176544.2550864305
2318,175844.24554740658
2319,178762.42931811122
2320,185692.7562857824
2321,255911.93484572074
2322,187109.8881485275
2323,161568.14047619046
2324,153708.96913863914
2325,227735.50266337287
2326,158153.16711843712
2327,211104.19402427637
2328,214706.98529411765
2329,191680.09225783177
2330,185160.13718614716
2331,368156.72357142856
2332,414054.0375
2333,337766.35415704665
2334,269915.9673268398
2335,255275.4878991379
2336,327937.6272889148
2337,217326.1570078453
2338,260266.1554347722
2339,251515.2084007278
2340,388379.8246794872
2341,231515.50266337287
2342,255023.52315185903
2343,221269.41987131434
2344,238350.5050516151
2345,257189.17604403393
2346,223031.5243717067
2347,197566.47550690523
2348,229258.4294582868
2349,173453.26550597098
2350,238636.70287751462
2351,259078.3389844269
2352,271291.1387878788
2353,227798.7123953824
2354,137432.79666412016
2355,139561.61515151514
2356,149699.15145798645
2357,203680.07217064544
2358,191952.5603647249
2359,123645.42082590613
2360,124322.8365201465
2361,139910.71258713384
2362,274256.7523015874
2363,141319.40079226205
2364,143970.49255013154
2365,237941.1147269397
2366,183535.90888728248
2367,251515.2084007278
2368,203938.18399197227
2369,247172.2672242572
2370,174680.43499185104
2371,176466.0060702824
2372,187666.80606538494
2373,263768.04090862843
2374,280672.01626616303
2375,246630.6556656851
2376,264237.4338827839
2377,355840.07704640384
2378,150272.79869833574
2379,197200.4399240856
2380,148314.08945920534
2381,162886.1039881616
2382,176294.87806049903
2383,241655.55853968253
2384,251231.11565703116
2385,148304.08044225545
2386,144873.06838196123
2387,133344.85967734313
2388,101968.07949410066
2389,133350.47964141797
2390,137403.45030336696
2391,133891.71026960085
2392,122372.84638636722
2393,164008.03492824634
2394,144880.34067419876
2395,193320.32136867326
2396,150616.23632478632
2397,183540.66764418376
2398,116655.75819675266
2399,84198.92865164563
2400,74141.14077285776
2401,116169.50166602405
2402,136803.85259209044
2403,144948.16326246219
2404,142209.55413314898
2405,161527.1516072092
2406,128585.74147665707
2407,137348.43976993574
2408,137087.6663400963
2409,138814.66222121724
2410,183840.6239800404
2411,123731.7367147523
2412,151836.06837863397
2413,145755.92542378674
2414,132255.53865337803
2415,156351.34444525786
2416,131744.43663206525
2417,136409.12282704748
2418,125299.40572702656
2419,146678.4169966826
2420,125299.40572702656
2421,146751.10603460544
2422,121907.64427699684
2423,112774.86020074696
2424,147212.32077819514
2425,191076.0051948052
2426,120483.15333864772
2427,118564.78943355121
2428,167079.13365800868
2429,120612.06100175185
2430,129084.95085470084
2431,128884.65619787054
2432,135232.670036891
2433,142123.18125916758
2434,144920.1346969697
2435,148718.57872726687
2436,99208.5264133799
2437,115684.58227106227
2438,122085.48527525613
2439,123647.2733482678
2440,134337.66213410365
2441,109662.73681745438
2442,107375.21242054412
2443,116357.23250348723
2444,118882.75910364145
2445,94331.53434988784
2446,114828.43027021289
2447,189991.36728475528
2448,141097.72298748328
2449,116337.43203463203
2450,164462.72057502248
2451,122686.97944252875
2452,207898.6780952381
2453,87335.8274093479
2454,102801.89809863338
2455,101993.59125698863
2456,140995.57093030712
2457,126374.7161302038
2458,117729.1291381168
2459,115390.64734117904
2460,146938.37718940782
2461,123173.96122824303
2462,138372.48481919602
2463,132399.37749766576
2464,194658.27722567288
2465,136043.02925490195
2466,131568.37574292376
2467,143362.508008658
2468,110115.90476190476
2469,106986.74599477749
2470,213947.05390835577
2471,193526.55034798532
2472,180224.29865424434
2473,127441.59611777111
2474,116986.87738593217
2475,249207.36596006146
2476,109850.79169322902
2477,126956.8414437249
2478,180523.07955284923
2479,118125.86749521313
2480,137384.08840679383
2481,138831.1782379492
2482,117455.83049996788
2483,121130.86643467641
2484,132611.5864018472
2485,123006.51860858945
2486,151836.06837863397
2487,164987.49530273647
2488,125327.74919161298
2489,153859.08646901711
2490,139861.38201674336
2491,95451.36646581112
2492,175976.87352544017
2493,125208.07072510823
2494,152135.07300531812
2495,110206.929004329
2496,218897.517725469
2497,148860.22602258853
2498,113644.3065934066
2499,87222.25598077646
2500,139065.92453703703
2501,155296.7752164502
2502,143860.3116303822
2503,117009.58175523416
2504,207745.3795954941
2505,215121.85489118722
2506,266938.8693914419
2507,388779.4865800866
2508,266938.8693914419
2509,222787.37154654524
2510,256326.86163305104
2511,186713.04567889066
2512,210308.16814574314
2513,207931.89139912376
2514,200971.42132867133
2515,141165.74088713218
2516,157968.07672495634
2517,133101.12561558813
2518,141337.20145798643
2519,228502.81525459577
2520,196759.84565018312
2521,194177.1700475948
2522,230114.4914224664
2523,129645.2927292368
2524,137695.82689634713
2525,139579.311744832
2526,138218.92412981542
2527,123834.86643467641
2528,127918.55743511915
2529,125607.9273181601
2530,95545.95868803335
2531,232342.7290952381
2532,241134.8848135198
2533,199388.9409645263
2534,255032.31614060403
2535,313694.7766245791
2536,218009.9501292825
2537,209474.2751165501
2538,177568.54042922234
2539,177160.25512003593
2540,183366.78508643046
2541,175445.0175306716
2542,169587.80738242788
2543,127299.61946329029
2544,131473.743971584
2545,145241.11457935447
2546,150610.06781933043
2547,140743.16682540817
2548,150013.6494953195
2549,155180.6237089381
2550,616732.490094467
2551,144816.31816308195
2552,124589.44502923975
2553,83056.40572100038
2554,137041.91503140135
2555,94046.91903476641
2556,103867.2051838166
2557,119356.49779720281
2558,159259.91269841272
2559,133837.5862999878
2560,112083.95345369077
2561,115201.51461538463
2562,130590.21735714283
2563,132791.6295380541
2564,178069.55706769644
2565,100965.28597603946
2566,141028.53558642618
2567,138320.85574292374
2568,188621.16758407556
2569,169243.67751961673
2570,125824.82974627
2571,167304.1712877624
2572,172073.92832167834
2573,249146.11418181815
2574,229609.15293040295
2575,122170.0418103857
2576,117131.8048786181
2577,146858.5010828324
2578,111465.26488547686
2579,74188.73446553446
2580,123146.02370717516
2581,137791.52757752757
2582,112181.89367335565
2583,254854.1712921192
2584,163886.2318569625
2585,179029.27803931368
2586,192208.27129355955
2587,202622.68999726325
2588,127009.65247863247
2589,142434.95528272662
2590,211131.21570464768
2591,215050.89047619049
2592,239363.74349999995
2593,247172.2672242572
2594,177900.73490447988
2595,213220.8066701817
2596,344026.5082905983
2597,199516.0773463544
2598,262580.4228835979
2599,334809.8600374625
2600,117730.11996336996
2601,146524.17706289084
2602,92220.96689698444
2603,93070.20023031777
2604,93365.56561493315
2605,92220.96689698444
2606,145088.53692455243
2607,169135.04143900512
2608,164627.73255806006
2609,148410.2484934548
2610,117848.92268556004
2611,183942.3589097177
2612,149884.62916056166
2613,122719.79372294371
2614,123804.21181929184
2615,164387.39505217006
2616,136335.31476585235
2617,173244.89020218913
2618,194894.48484848486
2619,267660.8078308081
2620,180097.62507280766
2621,185882.82482142857
2622,199877.78893615346
2623,263912.12757639046
2624,314847.82321678323
2625,327664.0765702134
2626,172097.06460861696
2627,184676.1641986378
2628,447478.4983766234
2629,517867.3285714284
2630,328264.54783106205
2631,432943.43439849623
2632,447478.4983766234
2633,300832.0577492442
2634,367272.2986630037
2635,147138.60198754998
2636,187270.21834037165
2637,150739.0179293492
2638,246545.8735064935
2639,176412.46501152834
2640,151131.57524420024
2641,116850.28825174826
2642,191927.9065796211
2643,114432.41098863873
2644,141596.5801943427
2645,102286.19236874238
2646,99398.11965811966
2647,106139.74871794872
2648,140505.16201551948
2649,141382.53065450498
2650,148705.476032116
2651,160244.82926244615
2652,413429.4677813853
2653,265694.2115832659
2654,278141.1643323343
2655,361625.8297552448
2656,309388.3327417028
2657,303610.6804354469
2658,277024.61183261184
2659,292557.3029800307
2660,339753.7674728975
2661,334142.5773981616
2662,334142.5773981616
2663,253032.6849074074
2664,272203.46040074475
2665,306222.99603174604
2666,295878.8208491508
2667,175291.23672796215
2668,175445.0175306716
2669,183366.78508643046
2670,289449.1839324116
2671,175445.0175306716
2672,198559.39233230206
2673,204829.0252284572
2674,204333.47168755365
2675,164090.42106214465
2676,187109.7876401874
2677,207243.06515450033
2678,253849.65746003995
2679,267916.6644403745
2680,271547.0823280423
2681,422591.4465909091
2682,378703.16801948054
2683,520402.31414835167
2684,324123.0272889148
2685,369141.2978896104
2686,258743.55217846966
2687,264720.1387878788
2688,248027.4917340611
2689,213220.8066701817
2690,449997.630995671
2691,195216.00198412698
2692,124900.0466641202
2693,191216.5351519234
2694,130862.54666412016
2695,196688.91816232848
2696,183419.0186085799
2697,204333.1712621608
2698,197035.85775335776
2699,181709.97374429315
2700,169292.31540948275
2701,157968.07672495634
2702,134693.09758140962
2703,124416.35682234431
2704,139104.77606094274
2705,131105.09666859265
2706,121130.86643467641
2707,132611.5864018472
2708,136958.9208305418
2709,109721.50805860807
2710,123006.51860858945
2711,275620.7733777334
2712,375381.2459415585
2713,157092.19456469454
2714,149120.92966810966
2715,169840.02620027677
2716,144163.3746176046
2717,175965.13049191097
2718,254865.20994973608
2719,147665.50076011708
2720,161036.2728700647
2721,140870.1722940936
2722,164754.28949945202
2723,140081.3675156672
2724,117503.22485958485
2725,139660.8674472478
2726,135053.07452890952
2727,149691.33006356386
2728,167339.71784767736
2729,145167.98138330568
2730,147098.3846969697
2731,112771.87700668897
2732,115361.28247088307
2733,160638.88453434463
2734,179119.62914781296
2735,138885.55823988112
2736,151172.01086137144
2737,121328.3109436635
2738,150007.0150801785
2739,161642.74406752668
2740,140668.25360137774
2741,151896.3740196596
2742,159844.29446435208
2743,145560.64496371555
2744,144476.9672817776
2745,142735.93715585594
2746,128223.47840527134
2747,122395.87708957707
2748,109335.76060141409
2749,130790.30240830248
2750,137374.27988111024
2751,117806.7540078457
2752,185640.6879398145
2753,150774.59881756702
2754,189215.037012987
2755,140535.50485714286
2756,78818.20489141894
2757,82015.69841269842
2758,71545.46808282156
2759,151103.68819354667
2760,147167.74527833358
2761,143747.88248452533
2762,139414.76964656965
2763,190934.6612471211
2764,122974.69396520147
2765,275507.69129662006
2766,137328.35295287916
2767,95447.52231461348
2768,139634.36119909503
2769,139576.60374168507
2770,149454.5506173806
2771,111475.20757020758
2772,120356.94812627847
2773,128190.16696489076
2774,146146.27348089786
2775,121280.68479853481
2776,146820.2526737054
2777,152802.0724918872
2778,99050.43961538462
2779,114828.43027021289
2780,112841.88885141001
2781,107987.34821881019
2782,91808.9337670425
2783,97406.3143253261
2784,133870.98094629255
2785,135991.5910565763
2786,61054.452960927956
2787,122424.72129756518
2788,86735.10884682027
2789,227570.1348172043
2790,97770.06834668599
2791,133870.98094629255
2792,96761.00598290598
2793,154914.12661574615
2794,108751.9057997558
2795,127182.10490549172
2796,111465.26488547686
2797,223159.01521478524
2798,118855.90025396827
2799,108741.16597911893
2800,87281.05495428343
2801,117328.01417131764
2802,119862.81019129018
2803,217212.56877513617
2804,117596.81163419914
2805,95277.89733967584
2806,109297.65687681883
2807,151879.48649538867
2808,140249.6186095861
2809,125737.46012263098
2810,140995.18391550175
2811,164074.01714304028
2812,141904.83349207486
2813,157294.3405844156
2814,157294.3405844156
2815,111023.33868317038
2816,280453.2831532634
2817,138932.16487455196
2818,117076.37653171392
2819,158920.8271043771
2820,148242.38041784172
2821,117645.66964555052
2822,174408.01778424584
2823,267705.45257742255
2824,171378.76231340345
2825,107412.7290945166
2826,136450.84238111024
2827,148860.22602258853
2828,197167.98650793653
2829,186422.740131705
2830,250180.3002064602
2831,184146.28394451257
2832,229706.15530652142
2833,258937.99713882152
2834,224160.66975500347
2835,220539.82869702522
2836,183419.0186085799
2837,163196.01275957766
2838,151085.332013542
2839,174240.01241239795
2840,188354.4764217647
2841,197713.17898351647
2842,201989.15780423282
2843,148774.84879934878
2844,156131.49159722222
2845,117170.44272172273
2846,206774.25673076924
2847,199877.78893615346
2848,212782.04026806526
2849,213152.84878618113
2850,257319.78392977393
2851,231981.24846632715
2852,232954.97935275253
2853,227447.26177033494
2854,142993.26797198172
2855,184562.3018185901
2856,211934.1125
2857,183419.0186085799
2858,186087.08973039006
2859,122011.25533548805
2860,126428.81550195834
2861,145032.52182072314
2862,191986.9593333091
2863,125780.89689722043
2864,255977.06103174604
2865,144816.31816308195
2866,162198.71332827365
2867,93798.51163382655
2868,137426.1265749569
2869,123148.97539682542
2870,160095.31625117507
2871,112455.89538593215
2872,58806.518040293035
2873,100380.31512605041
2874,147871.0868971875
2875,130751.48756561083
2876,144209.8571239584
2877,133141.45418406447
2878,167270.40205627706
2879,138372.48481919602
2880,126141.15959923109
2881,134178.90290201321
2882,154798.94324639384
2883,175998.43953525613
2884,159391.01313686313
2885,167872.97893094228
2886,156020.49494949493
2887,117179.1062113938
2888,134337.66213410365
2889,72970.22743905673
2890,74561.69388927319
2891,152726.17954822956
2892,77289.51769593469
2893,123577.84718204848
2894,67819.33878236459
2895,270742.3869337634
2896,274370.63946205383
2897,191012.5505101101
2898,203467.94423305383
2899,254098.11484572073
2900,160221.33205433455
2901,190551.7787552949
2902,181709.97374429315
2903,322462.6073359973
2904,325417.6724222551
2905,98050.72422871247
2906,187279.6295224281
2907,123999.96047958576
2908,120734.30376068378
2909,135074.8895909646
2910,80942.56031533079
2911,92220.96689698444
2912,145979.9280560618
2913,92220.96689698444
2914,93365.56561493315
2915,93365.56561493315
2916,92220.96689698444
2917,147017.41544119685
2918,116087.60073260074
2919,239196.9825578807
