Id,SalePrice
1461,125233.96167155198
1462,155046.6692373142
1463,179769.3288461069
1464,195015.02848820406
1465,187765.1601156708
1466,173077.51464481052
1467,182396.3067284416
1468,167217.12167617958
1469,186010.16487880368
1470,123777.73401585507
1471,196923.89066159842
1472,99969.85480326624
1473,96840.62473882553
1474,145956.7631648911
1475,117657.53662468052
1476,375267.6879435008
1477,253785.30914979224
1478,270617.0007620027
1479,270252.23971538845
1480,498035.43188319914
1481,328090.76159721584
1482,207435.33492804316
1483,173683.6257164354
1484,167790.79013547525
1485,181256.71150144964
1486,202239.36441255492
1487,339739.2762312905
1488,224751.0380218035
1489,199171.28946307278
1490,226686.72722310643
1491,191220.0094206117
1492,95094.07597483716
1493,177618.7295774946
1494,284362.93860234757
1495,275058.3200730254
1496,242516.11477812773
1497,181889.88966111644
1498,166631.25279976797
1499,158061.67790470773
1500,152641.26649391334
1501,180144.29321020521
1502,146216.41825829464
1503,282285.30034335016
1504,245326.5200790494
1505,227510.345292239
1506,189554.98866353845
1507,260919.73577877381
1508,194400.6557637399
1509,161891.24134514778
1510,142637.7707561326
1511,149739.57522909634
1512,173463.84837832165
1513,142262.79009214893
1514,151655.0097057434
1515,205691.83299312377
1516,145085.86748065785
1517,164709.24119343952
1518,130882.4010128996
1519,222218.7213726037
1520,133355.11802780992
1521,133713.52238291575
1522,179231.0809284464
1523,112376.95460982964
1524,123122.49876460731
1525,123206.30442350602
1526,107265.3843716712
1527,106589.22878182588
1528,135825.32239874813
1529,156798.90652394548
1530,177595.99122779816
1531,107488.51254435611
1532,92554.33863998417
1533,144600.68048499044
1534,121685.186001751
1535,145412.10842425944
1536,109396.5532335084
1537,68651.03105096226
1538,145602.44620919044
1539,194565.63744723448
1540,90177.32079299804
1541,142014.67093638095
1542,139892.946493329
1543,198967.41570273877
1544,86439.90362764584
1545,109268.13203324236
1546,134466.79545088945
1547,126641.47501604981
1548,134448.43438660074
1549,114533.7643782465
1550,138061.50771246786
1551,106777.41565494097
1552,143357.41157789304
1553,141825.79010905826
1554,119521.69068547829
1555,163456.05946624954
1556,90489.34906831091
1557,107938.30547320546
1558,98535.26937137237
1559,79733.97972672123
1560,132166.59702927858
1561,120006.6754739937
1562,130225.38683776547
1563,121672.39512615392
1564,162146.6877652198
1565,147011.78879565964
1566,229336.50119096722
1567,81432.82927686711
1568,228844.3287590559
1569,127384.85178775621
1570,137912.70603476735
1571,118599.43236093596
1572,142089.2961327914
1573,246004.72770865896
1574,128812.43475258764
1575,228989.0106608732
1576,239632.77035161963
1577,187736.89969597288
1578,139957.8811260083
1579,148331.32489348858
1580,196058.277741428
1581,148572.09647376268
1582,126879.942166941
1583,310072.1618251891
1584,223948.16133186157
1585,141604.89723204786
1586,72552.22554985792
1587,100186.98531754498
1588,155815.41695617474
1589,92422.60581876601
1590,138438.88970930575
1591,93772.3419564137
1592,113711.38530005112
1593,117967.32322317292
1594,119511.03026480736
1595,111505.8118888152
1596,226601.3369740823
1597,186835.61655392614
1598,205442.47256569375
1599,172005.68219961203
1600,166917.46695846575
1601,67208.05660629223
1602,115410.30544735395
1603,79549.36315329577
1604,260422.88936913564
1605,244483.33491774194
1606,169083.72119520247
1607,168411.47869750645
1608,211661.88735584868
1609,182935.7132500232
1610,151051.41545808056
1611,135656.05599846097
1612,170228.11740475651
1613,166034.7081187385
1614,125756.42697397257
1615,86960.1505384175
1616,77484.18327002921
1617,90404.85650943434
1618,125910.57164818166
1619,136513.42145347723
1620,172367.3357052572
1621,141273.56331015824
1622,144484.12573073947
1623,262813.48036971403
1624,211855.6863322222
1625,117150.26878398786
1626,159515.5927939461
1627,187001.7745705471
1628,270982.71109174716
1629,177504.2415169476
1630,374769.1129083297
1631,217287.84092547596
1632,233395.5083427911
1633,170149.29469673056
1634,189189.0403483865
1635,174700.7390997515
1636,155942.19496079508
1637,196390.86623300068
1638,186198.11350628338
1639,175098.33446943585
1640,260728.4166533109
1641,181611.37297982833
1642,237993.22069331407
1643,219755.50010416564
1644,234658.62422242446
1645,205299.2511584926
1646,162399.018839449
1647,154369.55831514043
1648,129560.71255061163
1649,138735.16230301707
1650,111506.84920540858
1651,120435.44701244401
1652,99310.68417951535
1653,101968.0086164133
1654,146766.48334064073
1655,144044.0698020346
1656,139015.46936577166
1657,145180.30119670765
1658,143981.67141711502
1659,123646.51118976739
1660,153517.439089812
1661,465208.9919952993
1662,404350.85663581104
1663,382081.647752782
1664,509745.4886337416
1665,296248.92642768245
1666,322975.63001426676
1667,402697.51904932864
1668,335377.71827215946
1669,277333.1822323871
1670,330219.48701657786
1671,264158.8337237457
1672,430743.04075068
1673,297484.84715499886
1674,233892.1761195924
1675,194007.1497814098
1676,190794.26800745807
1677,214229.77799377905
1678,485903.2722096043
1679,379539.0785168991
1680,324095.37942734745
1681,226552.94706102047
1682,305691.1448417065
1683,181202.95200909508
1684,175054.1642682181
1685,171796.19781599857
1686,169943.39479712272
1687,170130.74430060975
1688,189193.29147158816
1689,195608.39893440838
1690,195384.47196175953
1691,182579.62048524164
1692,256977.45650475277
1693,171109.1143081233
1694,184396.85473419062
1695,168051.53508893165
1696,269220.1740267231
1697,171705.65390309188
1698,355027.30507957586
1699,307609.15656171
1700,249758.56005871604
1701,256183.5701740695
1702,244534.46160315754
1703,235323.329892031
1704,281834.1886847858
1705,223707.41343548484
1706,449092.7354271692
1707,213835.88615586434
1708,199366.5548342678
1709,275066.77136609657
1710,223359.02137977877
1711,260248.1044773191
1712,260193.51108555513
1713,272722.4666570428
1714,226095.41679737013
1715,207726.20292129228
1716,186572.669711589
1717,172163.4182519594
1718,134576.40766281044
1719,206750.8499162922
1720,229617.49344322202
1721,165036.07237748153
1722,123447.76629080968
1723,152089.72391725128
1724,206660.69341107827
1725,241737.70805487034
1726,192973.72879355072
1727,151346.28868824217
1728,172286.21102507025
1729,162535.56487726278
1730,148656.32209728102
1731,120751.70216326311
1732,133583.00936569512
1733,118494.94168891161
1734,121010.7084028719
1735,131141.84400744358
1736,115584.46632669974
1737,297312.4043501122
1738,227307.04632937443
1739,254119.65951532894
1740,223365.81732725102
1741,189616.4469689633
1742,178453.36835770495
1743,175152.4499645178
1744,319790.79376297264
1745,217164.27946201985
1746,191863.74729308908
1747,220194.6650446294
1748,234329.02290872158
1749,145739.4940279398
1750,129038.81777285758
1751,246918.38412791866
1752,118366.8783201682
1753,145460.3926435869
1754,192565.98288082643
1755,167711.5409287479
1756,130213.62110066225
1757,120954.92074390007
1758,140433.20322702263
1759,156724.83224620836
1760,160974.61533407797
1761,140845.98450737473
1762,182835.97688379925
1763,176795.4744357739
1764,113090.33509262901
1765,158894.6413668484
1766,182616.01736758155
1767,217950.92872867457
1768,141812.67582990823
1769,170151.7446617258
1770,149242.031323511
1771,124344.65203231668
1772,132003.7583777124
1773,125912.05570063894
1774,141165.03639896205
1775,143371.14952871064
1776,124142.39462615731
1777,110410.05442972081
1778,140982.112961128
1779,113512.20045797872
1780,165883.9800336871
1781,129139.27560152183
1782,88534.47190063327
1783,146110.1806265818
1784,110720.85482955944
1785,120295.86688610747
1786,150774.67879271443
1787,166083.90335313513
1788,60374.76426328101
1789,100660.2536829945
1790,76193.90730536683
1791,195695.18098997578
1792,153230.45775414992
1793,130801.35663636029
1794,153261.1227413345
1795,136180.6932444592
1796,124023.73806435963
1797,116233.74673764754
1798,126171.66630174227
1799,114270.05916995848
1800,134583.21034015904
1801,126545.32357766072
1802,133390.64495383337
1803,148922.53648138905
1804,143892.28002983122
1805,136905.18378941156
1806,128972.42752896757
1807,131045.42079733298
1808,117334.48142453012
1809,119221.34975527377
1810,140589.64830352785
1811,92108.03081310602
1812,96932.52911898658
1813,118494.66090726637
1814,92175.33502009943
1815,58840.32086755598
1816,95917.81709612023
1817,113937.19930968429
1818,148955.3276392476
1819,130968.27689427345
1820,63948.86441572624
1821,114305.05612754857
1822,154909.60714461963
1823,50238.46338139792
1824,132713.37939445794
1825,139129.5387875289
1826,108009.20731601173
1827,96956.42439237631
1828,132607.62089784018
1829,119438.63296846871
1830,147932.8779018066
1831,143548.2006045554
1832,81607.69810582155
1833,144340.35994300147
1834,126115.5655654848
1835,123908.46187750701
1836,129881.09162251047
1837,84346.4929779344
1838,124319.82419356803
1839,95267.1423030467
1840,139085.59396646803
1841,142050.68296775638
1842,92595.89337890442
1843,127216.8011913831
1844,140835.89492966063
1845,139657.59938099
1846,153475.60998532647
1847,163948.00433810306
1848,57153.018865161386
1849,99166.34578737426
1850,118537.45136422361
1851,156646.7939600521
1852,124634.8201946431
1853,131364.51251519204
1854,164236.14437775325
1855,145810.96989827201
1856,221614.04687411882
1857,144843.8643771589
1858,142256.88100152614
1859,120544.83909624284
1860,152663.43864308522
1861,119302.2172626063
1862,293747.9979081953
1863,284985.69992023933
1864,285169.58495138836
1865,331637.8231640527
1866,336684.7746426819
1867,228570.04642456272
1868,301122.0560659625
1869,208835.76914215588
1870,222602.9641794044
1871,248088.66019605685
1872,170860.6714752594
1873,234745.3997356577
1874,143928.06401751196
1875,196674.380143249
1876,195406.74625689813
1877,205084.9859432997
1878,199851.7786757159
1879,128224.65568127914
1880,134928.12090675253
1881,247325.44537017003
1882,251088.1379167838
1883,193769.75904018496
1884,203895.10875042647
1885,242458.21317844343
1886,285807.9338981707
1887,207993.68151726638
1888,263158.15000303125
1889,163316.54596586103
1890,119608.90425003038
1891,133396.60834079055
1892,99029.31604795675
1893,129321.86964688779
1894,121313.1840615617
1895,137459.52426478916
1896,132961.26999008795
1897,114745.7475589699
1898,119159.64111815917
1899,155903.71265360728
1900,151698.59399491746
1901,162440.38261982746
1902,146851.67191755294
1903,216491.6798490959
1904,144418.1121189153
1905,190894.27182168822
1906,130127.83268322163
1907,211470.7286937811
1908,111568.35445371957
1909,131729.8477699537
1910,118318.40185808453
1911,206524.62692602637
1912,336810.93964790995
1913,155932.4031589007
1914,65780.57872408858
1915,307416.43391501013
1916,65216.63161226422
1917,253193.15111673297
1918,144409.6302372073
1919,174619.4637962587
1920,147694.92068210983
1921,401631.64745313855
1922,305360.59090058063
1923,233559.76290414084
1924,223895.20141320344
1925,196816.6598154361
1926,381971.5957440536
1927,133516.16047730285
1928,150992.69511288995
1929,129170.76577434565
1930,140052.49796447973
1931,149030.09537547795
1932,142388.26372776236
1933,185054.61427606974
1934,179619.3888233289
1935,170483.115606044
1936,189349.00867242378
1937,174302.0428923325
1938,168185.66226255882
1939,241290.51308094754
1940,185785.68238311863
1941,162627.01221332513
1942,182500.61639922342
1943,211921.25129778974
1944,344116.74673443526
1945,371610.46278529626
1946,146548.82333387653
1947,308159.9130188234
1948,167283.2042388853
1949,246058.92390891036
1950,179455.22246144098
1951,253799.9677050058
1952,205472.65662111377
1953,170178.77591914285
1954,189299.30901289755
1955,137947.2180641202
1956,309933.63593910733
1957,149839.5116563996
1958,311068.16398649913
1959,141049.8716268064
1960,113453.84494311918
1961,122915.04003994114
1962,99311.6320174321
1963,106645.21567307059
1964,109072.92648986929
1965,149595.62345773
1966,138559.1507433611
1967,284700.6668870292
1968,437302.06368003396
1969,376847.70660731505
1970,432541.0125305705
1971,478261.3799237495
1972,374605.9876669259
1973,270374.45834974846
1974,325681.82253673114
1975,492730.20266880037
1976,266385.0657240069
1977,371448.9661625964
1978,363903.3173312587
1979,312783.9691813056
1980,195767.95150328806
1981,342128.86427572195
1982,215894.3874879755
1983,200814.5504198717
1984,169124.39327176617
1985,225627.7756296042
1986,215534.4015594001
1987,185723.96027807103
1988,178175.22274500222
1989,198321.96244524076
1990,212888.26737437255
1991,233765.57511913098
1992,219983.5179496813
1993,172433.02164573272
1994,232387.85280582416
1995,188563.72254154584
1996,249809.95571797018
1997,302936.42984514765
1998,319529.41197395755
1999,272441.97650538565
2000,323529.30559253163
2001,265894.5729024539
2002,229501.82983353588
2003,258632.84810229298
2004,280758.32193861867
2005,209544.7068458064
2006,222251.67227353714
2007,245314.31366490183
2008,219495.26449425952
2009,193649.4090040795
2010,194938.32172757274
2011,134256.41914241065
2012,173477.52485101545
2013,182074.72782180939
2014,185518.02279904851
2015,204572.45569063586
2016,197090.4236316832
2017,195309.73680404195
2018,119424.87290971262
2019,132746.59102931232
2020,110614.81223792206
2021,103511.74722869703
2022,173099.28328100473
2023,140704.98159196018
2024,269056.73807782214
2025,372790.0320669628
2026,174177.65254299564
2027,157787.74677235648
2028,149485.0058539266
2029,166368.77032810228
2030,267178.0096687949
2031,228515.14092482504
2032,241764.09406612956
2033,253780.87419578567
2034,165727.47385156606
2035,216734.65938212455
2036,189723.77148101808
2037,193964.08339931373
2038,303598.4106868364
2039,227548.6695136232
2040,309941.66006685584
2041,277310.48773731943
2042,207540.6650913452
2043,180969.6454970177
2044,169655.23186048467
2045,216953.01772056278
2046,145817.16002154592
2047,146267.7911449303
2048,142586.10899233125
2049,142345.75028853255
2050,174570.4109390991
2051,103680.34475721241
2052,121626.40933202016
2053,149084.5619286819
2054,93794.03743801684
2055,150540.30378679486
2056,141500.22146423248
2057,112800.12689075641
2058,214277.60831857825
2059,132266.25267778832
2060,169513.38029324342
2061,168941.9638543378
2062,129359.57316211928
2063,119880.93322531067
2064,142952.76077075442
2065,118225.95102388012
2066,156668.6921636565
2067,109725.05048419414
2068,136135.88044291842
2069,88678.79464878852
2070,116226.79294178786
2071,95795.05845939206
2072,137837.02300046908
2073,129338.80997430552
2074,180408.15993984093
2075,138794.181952463
2076,114719.79778533576
2077,158908.2984857712
2078,130127.90796514966
2079,136778.6605498863
2080,117484.92839959379
2081,127841.73299116216
2082,124542.19913746037
2083,144574.83375406012
2084,110358.35042523159
2085,118575.86045099166
2086,110612.49877833064
2087,117178.65276544819
2088,97432.95883593359
2089,79295.9137175362
2090,131717.04859888236
2091,105607.95524674565
2092,115904.47136206854
2093,115999.57907745184
2094,105569.22222235428
2095,148412.44442975166
2096,84419.26667311841
2097,98704.40892467643
2098,146716.6627002824
2099,56830.109566804036
2100,77122.6103097977
2101,112533.9346827799
2102,124523.42308970352
2103,104662.61669047628
2104,143163.8768005784
2105,125844.11073785505
2106,66282.36419577559
2107,206679.236921108
2108,112305.40387590765
2109,107489.05859916727
2110,126543.42208511839
2111,136826.24784451234
2112,142102.10066476758
2113,125355.34077728007
2114,124969.37377774756
2115,160706.47120684685
2116,112619.45476846307
2117,149974.12627201885
2118,124789.09310233554
2119,113288.49885216373
2120,116558.41526218237
2121,87631.13929721675
2122,111696.51634373667
2123,86713.69838386818
2124,156372.85346739754
2125,128846.18857855903
2126,151147.16807151277
2127,149925.10101199758
2128,135056.69722640904
2129,97865.54095011491
2130,132403.59717034834
2131,148224.84725034476
2132,116951.45171880275
2133,115485.04516285767
2134,119887.85415178208
2135,92608.86024440065
2136,77019.49647576732
2137,106068.99089732842
2138,130705.22029100599
2139,145545.27194996248
2140,135307.0873616642
2141,158198.843420069
2142,125787.36502735264
2143,145571.85611683087
2144,123665.29909792398
2145,134678.5592669903
2146,160029.94257783232
2147,140019.5476212107
2148,139031.250876182
2149,150889.06818303646
2150,225709.21938934442
2151,114893.0235727157
2152,159247.77559975348
2153,162513.56789319176
2154,106291.25970120341
2155,144318.67939131722
2156,264323.6109723754
2157,225659.54173268453
2158,236964.96777833204
2159,205548.75335716855
2160,179213.73003797577
2161,243403.3919109453
2162,401958.529306125
2163,357478.89217758755
2164,235701.37406759214
2165,203512.06584765622
2166,152282.8914224687
2167,219251.72240129285
2168,192742.98795386066
2169,200783.46851547307
2170,217559.60762999734
2171,150365.45592966842
2172,128917.14651751277
2173,164471.70261681557
2174,227662.57552515288
2175,297718.2291373508
2176,302279.6047806204
2177,245417.13282101337
2178,211405.43988607868
2179,139761.0458663288
2180,207993.95197074936
2181,190367.54250476512
2182,219238.86513003136
2183,188858.70685174488
2184,119804.84752435921
2185,123550.18186101389
2186,144491.05761281957
2187,161380.49229342001
2188,162766.59061188315
2189,269432.8665226165
2190,82971.79391521258
2191,83122.49247693551
2192,92085.60777892038
2193,104442.87366501447
2194,103070.87203645753
2195,110210.37223738607
2196,102842.07818407645
2197,118635.87962060244
2198,147023.15888653297
2199,172218.4090026188
2200,150421.13008129696
2201,141732.27678076742
2202,211655.77710461168
2203,143573.82934327546
2204,172087.13548705596
2205,118971.25267519226
2206,139132.98472780874
2207,213241.13697467954
2208,257544.26513471943
2209,238510.5774959846
2210,118720.31159329534
2211,109967.92040978973
2212,117961.37802002326
2213,102906.12866526522
2214,128110.25226095493
2215,99545.16229234726
2216,137734.00176120602
2217,62973.39490659167
2218,84528.67962224258
2219,78589.03394804358
2220,72727.71391201077
2221,314197.54572462064
2222,269497.00009838643
2223,285503.2018455763
2224,215197.5466177811
2225,116613.6187961439
2226,183771.34262615754
2227,198960.2286587885
2228,265231.7514041089
2229,250550.54916055012
2230,150146.9407773778
2231,215920.73039849885
2232,176617.76066986035
2233,180056.7297521176
2234,231027.8537438143
2235,224329.2874475806
2236,266164.5054803962
2237,329430.0918189499
2238,205655.0242588558
2239,108972.29408674348
2240,158500.4756692701
2241,151977.66621274682
2242,122323.9055430147
2243,124987.86090711523
2244,101412.6984693694
2245,100152.87281068825
2246,145574.12842641532
2247,106994.09322798326
2248,127064.39533916158
2249,123708.30021518917
2250,131570.25375161917
2251,111745.51654418177
2252,170999.28269091825
2253,152354.16200487284
2254,173473.3299206164
2255,187273.06693070682
2256,183700.7357930837
2257,205500.0621752371
2258,161381.55822365775
2259,178625.5261339622
2260,148909.48951935378
2261,186450.5756544532
2262,209630.88917211798
2263,363618.8362133991
2264,496791.6517235373
2265,157543.75839670064
2266,296813.0998866847
2267,365190.21758648223
2268,415349.6967859575
2269,141342.48796228817
2270,192826.8806531449
2271,217552.77766318526
2272,198715.10862420395
2273,162766.63075826102
2274,181244.51151184103
2275,168078.3006881113
2276,190702.6303731709
2277,186710.8917428696
2278,145314.41446680707
2279,123894.77755161353
2280,118213.27237874107
2281,170899.8558071232
2282,186079.86251325533
2283,106269.91161678321
2284,112814.56326304817
2285,142285.23673822382
2286,123386.3285973175
2287,352278.25045199256
2288,277120.41800324345
2289,386869.4024484659
2290,475221.87364486256
2291,318001.6687333787
2292,417413.44796325587
2293,502796.9203815681
2294,413273.7600778862
2295,462471.026202932
2296,289725.9991231899
2297,333769.96198289254
2298,322948.2905351728
2299,371228.12925562303
2300,329762.46842443396
2301,290660.00557092024
2302,245003.00011155423
2303,231613.14633496798
2304,246451.06700701584
2305,194858.16606049702
2306,187359.95626391727
2307,196216.56377211967
2308,222384.22523497613
2309,270402.99128347397
2310,210797.96315655453
2311,200145.0029068508
2312,172879.6574958488
2313,173521.8728483002
2314,168842.85482302256
2315,180667.2616582798
2316,192753.1685955707
2317,185447.02788007827
2318,186200.3646726918
2319,188582.38653817415
2320,190499.7674417464
2321,243481.9889775712
2322,182387.5623633472
2323,188103.9760180379
2324,169490.0815214145
2325,214101.03444125177
2326,174060.00192199575
2327,210536.47785271815
2328,233959.0352067279
2329,187334.09064601222
2330,179701.2308910468
2331,379499.2319545342
2332,406046.26364829554
2333,328065.37743339496
2334,250215.56805650904
2335,265410.41924030386
2336,323549.9879986577
2337,197878.84131549596
2338,264801.74858316
2339,206065.1590728658
2340,388162.74613010086
2341,210694.8464580638
2342,224923.5300532854
2343,221357.51329316496
2344,213453.72160687207
2345,231492.6667721324
2346,215060.48562493807
2347,196268.46971193797
2348,251052.46107407621
2349,178514.13485344034
2350,299371.44712059305
2351,252434.9972114743
2352,245509.150973803
2353,254919.39040834788
2354,136401.70567703428
2355,144635.79262314094
2356,151600.12078698038
2357,187908.4260582525
2358,192911.53820082947
2359,130250.0308333855
2360,115060.74051883908
2361,142463.5467516159
2362,271195.0008205214
2363,134610.2261248275
2364,149908.56656520156
2365,222606.27205472664
2366,193615.4971895202
2367,225342.037881911
2368,220234.4953543528
2369,217076.76961919855
2370,165197.20050371566
2371,169755.31632877755
2372,191435.41919659148
2373,279407.9507060017
2374,331313.1111974521
2375,251310.19058012453
2376,300701.9677576329
2377,380849.17002580804
2378,144456.76080645047
2379,215555.04580527145
2380,153363.9399984052
2381,165191.3931908475
2382,202394.71498967047
2383,199764.27728451573
2384,248701.56349974353
2385,158687.20094526059
2386,133261.28634609355
2387,135024.4632509951
2388,98331.63841524535
2389,125407.88958340752
2390,150121.2819548393
2391,147244.2645061094
2392,115451.14519826959
2393,164382.54588792342
2394,143314.3329152231
2395,208429.19348316494
2396,143549.3707429486
2397,214376.33106486325
2398,125750.93916371156
2399,67242.76056612076
2400,67004.18441361056
2401,121502.54346078432
2402,134049.40063879616
2403,144704.1305170409
2404,149552.65246182325
2405,162488.7404144318
2406,142153.8788012491
2407,126353.89773413335
2408,149568.84373186307
2409,121155.8874700929
2410,169521.37360107643
2411,114214.848402954
2412,148383.21986731314
2413,130103.76557144051
2414,146987.01457925138
2415,132932.40906838814
2416,130765.0809849807
2417,129374.52347280092
2418,129340.49951659047
2419,127238.43980726405
2420,123638.71822411305
2421,143456.12651718216
2422,109804.968354217
2423,110671.60510725786
2424,159247.48988722984
2425,215802.28264023276
2426,122890.31058742842
2427,135975.2818121505
2428,175592.3977415466
2429,110609.89958697674
2430,135930.20871688245
2431,107919.32972446764
2432,147245.11962969168
2433,147002.66390771605
2434,139383.10822533575
2435,156970.47184618533
2436,110758.28141759886
2437,107718.70576688753
2438,127028.71162228753
2439,101675.18498099895
2440,122629.04382098542
2441,91559.5613394773
2442,98509.28151081705
2443,117985.53195521735
2444,130873.13393136766
2445,88855.9588217973
2446,132185.45664257015
2447,182540.30831546275
2448,127016.24129783887
2449,113881.22843317674
2450,147638.3526616668
2451,125893.10972541057
2452,197422.5306879193
2453,90855.89043477035
2454,105856.53331773511
2455,115745.47864251002
2456,133667.82197219494
2457,131248.83144582546
2458,129400.49721625088
2459,112455.1095337988
2460,134883.5783473685
2461,124139.1582215305
2462,135413.52856415394
2463,126310.12226316334
2464,178889.41424423797
2465,142342.433690213
2466,119156.52789002967
2467,134697.46382433275
2468,86492.61888333237
2469,85165.10921863202
2470,182380.68981545648
2471,202097.95485370888
2472,170773.22720941473
2473,111749.38802997656
2474,84257.0138148172
2475,211468.19042287878
2476,119226.20255279115
2477,127925.27649545525
2478,148268.21045793252
2479,106179.29519164839
2480,152436.55635977493
2481,123634.33225110592
2482,134740.5843363746
2483,112801.16787166438
2484,122581.66592245543
2485,127583.99460462146
2486,150899.05459884656
2487,182063.17012655945
2488,163598.5860356751
2489,149800.98510491848
2490,142830.81761907274
2491,89368.41993694971
2492,184027.36172248787
2493,148370.0646003415
2494,144262.44352794386
2495,84974.41762061027
2496,239798.74107217713
2497,155629.44222216218
2498,107710.35925772038
2499,87597.38905219098
2500,127096.92727433928
2501,138260.07760150274
2502,146695.96548444382
2503,94171.97321416794
2504,170878.62520129106
2505,224359.6298979443
2506,258059.25270942404
2507,289631.27519865526
2508,260197.3024018039
2509,212142.7742879216
2510,211346.22539756884
2511,174331.11967285583
2512,210750.33438807304
2513,216273.33945343428
2514,235703.81340645935
2515,152353.68920584553
2516,168891.66163158204
2517,144755.42718100257
2518,150019.69232412364
2519,231259.60724891245
2520,214239.91115804753
2521,188719.94138110417
2522,222086.0992378202
2523,117950.91947143943
2524,136083.45890318314
2525,141521.40401232243
2526,138207.14991264333
2527,117518.11678856614
2528,127419.42932379988
2529,132066.4494273016
2530,128253.36544924745
2531,257240.9551780202
2532,230532.59349860664
2533,200509.37827032362
2534,224349.03038665358
2535,311185.0566359672
2536,227135.81323759753
2537,231650.21277301584
2538,187903.68323713035
2539,187681.3028514418
2540,176161.85412694814
2541,182811.21181788776
2542,164988.6729022019
2543,122830.79375855367
2544,124502.59980764694
2545,133450.8669147785
2546,132724.8004310823
2547,143451.25683199058
2548,154699.34604614088
2549,159859.74817011206
2550,1028384.8556818224
2551,145791.53631908682
2552,128403.52897243014
2553,81790.62435920518
2554,97869.01049267378
2555,122288.42391275494
2556,102982.67690099409
2557,109010.10737371581
2558,143166.44493768737
2559,132833.14677561107
2560,155377.97306039522
2561,147112.06765482336
2562,140135.45307920282
2563,154279.7183855524
2564,201302.54079993578
2565,126330.20714056162
2566,157958.29898372534
2567,135909.27361691333
2568,199082.3045367383
2569,219778.8996807203
2570,116238.74368467806
2571,181422.24032697052
2572,149188.58328157972
2573,216259.59054448933
2574,293371.53548279026
2575,130613.57174872763
2576,114554.81869312032
2577,140863.29327900297
2578,86281.11942533831
2579,67530.48964147565
2580,100490.24286507469
2581,107792.20652040308
2582,112732.30873174142
2583,284147.99695425894
2584,175506.0184505517
2585,177930.55819004893
2586,223073.11515869162
2587,198154.38854256857
2588,141547.30249441386
2589,154487.29784984075
2590,214151.2153468147
2591,217599.2193577224
2592,207783.0326604647
2593,247284.16794086134
2594,178843.53432258766
2595,201458.8624512368
2596,292484.0952759603
2597,180841.68417166817
2598,285290.5239060063
2599,315292.14021701284
2600,144911.6089083865
2601,142264.2063600568
2602,83635.66998746373
2603,93243.15298192666
2604,87416.40282986434
2605,81390.1999054801
2606,147371.98999596343
2607,202342.79712556265
2608,194982.78106451195
2609,171913.59646837832
2610,113350.48370147115
2611,120256.98920280268
2612,158901.7137446629
2613,127793.38249814688
2614,126795.23749783354
2615,156909.34564174467
2616,144368.50919929918
2617,189011.33664366335
2618,196404.83865342013
2619,192008.6019375587
2620,187123.55291943144
2621,174577.94520396474
2622,186391.98498443054
2623,240775.60461467467
2624,314371.64867638977
2625,299346.10255156393
2626,173659.9745193564
2627,166815.69241997405
2628,458979.71454518527
2629,502538.6238209031
2630,377309.4252772741
2631,509325.0064763609
2632,406273.9146911511
2633,307707.49171448377
2634,405035.4841922859
2635,159237.24229357662
2636,181139.5485602949
2637,179659.72522130134
2638,266795.13681163825
2639,177815.47996779307
2640,153698.47963740912
2641,103857.0879681825
2642,189413.61948500038
2643,101916.96129399158
2644,125997.41327321347
2645,108933.3961557265
2646,98706.61274084484
2647,106939.04759634414
2648,143993.43356434914
2649,153845.5420965828
2650,137256.7542761284
2651,137402.18399490582
2652,428404.6727249217
2653,242266.76569421488
2654,255592.23635767825
2655,375659.62961214845
2656,312781.66157135967
2657,361512.31907860475
2658,304501.5591217603
2659,311424.64362396253
2660,375087.54150174285
2661,337102.941235576
2662,354700.0965892114
2663,278107.4851886759
2664,260635.54959706447
2665,314228.977215321
2666,283097.56733458414
2667,169880.60455089746
2668,184129.5125703161
2669,183406.93474473376
2670,278371.0353237683
2671,188800.33941786058
2672,198481.85238461712
2673,210827.93414378073
2674,205178.8744135715
2675,174073.5187805339
2676,191597.14189009252
2677,200640.46518521593
2678,249973.8853798899
2679,263481.8367659678
2680,278725.1342309392
2681,402806.0250863664
2682,329838.650519183
2683,487481.02965424495
2684,316216.9819321912
2685,324946.2034888612
2686,257730.75035484016
2687,317102.12319798383
2688,203746.1711789869
2689,202802.6819383273
2690,448141.68825207965
2691,191011.0732790828
2692,135520.1286010117
2693,196553.93121702087
2694,130875.2927474888
2695,193406.56707564136
2696,187443.04093612326
2697,191902.70466195187
2698,197242.07573530186
2699,173087.05306246033
2700,154975.84334993182
2701,148521.11277805667
2702,112455.38792352438
2703,119228.5541432162
2704,144529.62650783753
2705,118976.32316543836
2706,115771.67399664603
2707,125213.0776474691
2708,132573.12596273902
2709,108241.08969236325
2710,128727.0573769772
2711,279782.7353256939
2712,397242.50824752194
2713,178137.31697896306
2714,150963.39845307774
2715,176239.17791507082
2716,144171.51751816427
2717,198338.75088023345
2718,222410.61556894364
2719,155153.17032009191
2720,171047.60227067486
2721,132421.46741502086
2722,166059.3616118126
2723,137386.16257334693
2724,129292.34092136307
2725,130893.83972461255
2726,151055.25689648523
2727,181484.87628102576
2728,172500.29716013715
2729,151005.565692151
2730,146511.44033456256
2731,124062.79824634545
2732,132611.61080535594
2733,158741.4660130439
2734,149242.73248321583
2735,136661.97807482124
2736,143465.3139329182
2737,122751.69027718654
2738,138043.64359335753
2739,158411.25027375264
2740,137807.11990264154
2741,147491.52763312214
2742,151507.4574980652
2743,150234.34338741485
2744,160666.63318432117
2745,139192.29808726226
2746,136159.19761756647
2747,146211.32661392778
2748,127614.97220858566
2749,127155.24099964646
2750,127392.70211977586
2751,131253.79881835973
2752,191172.9052725713
2753,148554.88505560893
2754,208577.752356894
2755,134445.67114157495
2756,95252.26273347928
2757,72821.55380831455
2758,85767.2052364374
2759,164698.91585721596
2760,117895.7128034156
2761,143932.62296121646
2762,141503.79433820336
2763,181080.4572690227
2764,140741.82699823246
2765,291439.05594307784
2766,120841.06271174597
2767,90018.52244197078
2768,132862.13242936897
2769,137220.23920376154
2770,136544.03593428736
2771,111102.64941604441
2772,113244.03449601571
2773,165982.70933184912
2774,144913.90241851067
2775,113925.16514269573
2776,134459.83678647285
2777,141573.25978016088
2778,106187.77366610593
2779,121265.5831834588
2780,91323.8659540945
2781,95672.52552327991
2782,95810.12696692403
2783,97369.43296497983
2784,121109.13819064538
2785,138179.57178380486
2786,68053.9749882556
2787,121149.22088216516
2788,75890.77706869406
2789,176679.40496299326
2790,98904.64069912411
2791,114330.03979347322
2792,60178.18714307979
2793,144516.51137630458
2794,93613.40406533475
2795,120859.57942728973
2796,99652.20829592856
2797,215951.2559958486
2798,99061.01828868875
2799,118315.9988460051
2800,67234.41879480628
2801,104751.73312779535
2802,130665.89812704592
2803,168160.92293081334
2804,126545.55369422938
2805,97944.32579595639
2806,87564.06625710569
2807,163192.05278817812
2808,149528.80828461066
2809,135181.47142882025
2810,126316.83217706544
2811,155793.59424728
2812,160846.56101617508
2813,159002.51656737464
2814,158947.16357428156
2815,96909.70614524989
2816,219161.59659437268
2817,148634.77271646645
2818,135332.27584303787
2819,172151.3727712521
2820,138326.3873777314
2821,106461.12926281148
2822,199423.38816576567
2823,357533.17056672694
2824,180443.79807221715
2825,139222.92344506283
2826,136091.49463692884
2827,139196.51598508938
2828,222769.0337623777
2829,208235.7680318679
2830,229049.7244873874
2831,170281.50219397008
2832,248267.80371402847
2833,290470.96792330197
2834,216105.75246034312
2835,214720.11387440967
2836,191426.83796478956
2837,144961.59115306253
2838,147819.3730764015
2839,174610.2939385835
2840,207340.41256450367
2841,207319.6374823889
2842,228068.56380812405
2843,148576.14180128978
2844,167514.9850946302
2845,120611.75890996624
2846,210382.88632803524
2847,205426.1613505851
2848,207608.2438903385
2849,206341.22158768773
2850,279774.7651622988
2851,220263.9436077538
2852,227217.01426197993
2853,238997.19314448375
2854,141623.2861519923
2855,202271.10997020037
2856,207932.9086809843
2857,190578.3008740691
2858,199840.95641641674
2859,124192.18370117119
2860,130251.15288441631
2861,120708.3116160793
2862,201715.32827493176
2863,133288.47436952594
2864,245598.81627888186
2865,144937.2010669985
2866,138764.59196211962
2867,99656.28221432488
2868,107977.47835353814
2869,105661.84495407838
2870,124440.31634419734
2871,86742.62096717858
2872,58942.17841378721
2873,102484.30631228552
2874,136665.5544306301
2875,117192.60542147393
2876,173348.1398194169
2877,146404.9635737465
2878,160807.05555575798
2879,133795.49767334154
2880,104958.89188279545
2881,144568.164953983
2882,167127.95445404973
2883,197198.3426623978
2884,196828.97108154214
2885,181675.52297770005
2886,229969.08727942593
2887,95232.7338987855
2888,133652.15058746946
2889,60118.55552617199
2890,80343.98703692002
2891,135748.51298078272
2892,45675.65640049792
2893,74883.99864845445
2894,60758.30058282973
2895,317884.2359670419
2896,280943.48218603793
2897,202182.57134171342
2898,151803.1887232393
2899,205561.57304262338
2900,161882.8774202839
2901,199558.5342467396
2902,187804.69626715142
2903,345424.9964851432
2904,344303.1010363196
2905,81470.4742479468
2906,203720.8153294581
2907,111157.76123323824
2908,132944.4621573855
2909,152688.20392649627
2910,81489.90750952781
2911,84621.99535552779
2912,145523.0960709932
2913,77738.36248092729
2914,78134.15387279214
2915,84335.05495713724
2916,78900.07541536467
2917,158065.87519558627
2918,115788.23933464606
2919,220809.11136906312
