Id,SalePrice
1461,122667.8515625
1462,162690.703125
1463,180439.421875
1464,180674.28125
1465,195807.984375
1466,166998.90625
1467,167795.203125
1468,158060.125
1469,186133.625
1470,120867.109375
1471,198591.671875
1472,92980.890625
1473,95422.3671875
1474,149083.234375
1475,131975.296875
1476,383332.125
1477,250125.71875
1478,292261.8125
1479,297959.96875
1480,462186.1875
1481,333152.40625
1482,206063.171875
1483,166339.75
1484,171411.21875
1485,174570.9375
1486,196200.71875
1487,350114.0
1488,237980.0
1489,200905.59375
1490,211692.0625
1491,194985.453125
1492,91294.8125
1493,178634.953125
1494,309002.21875
1495,296848.15625
1496,231510.5625
1497,183526.328125
1498,157170.875
1499,157469.578125
1500,140545.390625
1501,166805.359375
1502,147834.078125
1503,291829.5625
1504,241087.625
1505,222840.359375
1506,184706.96875
1507,244215.796875
1508,195636.640625
1509,164539.078125
1510,144793.421875
1511,147254.34375
1512,170784.484375
1513,138606.9375
1514,162060.609375
1515,202233.515625
1516,159692.859375
1517,164575.640625
1518,142878.375
1519,218800.90625
1520,132776.046875
1521,138589.484375
1522,173402.484375
1523,112370.6015625
1524,125499.4921875
1525,126531.8125
1526,123168.390625
1527,102038.828125
1528,134853.203125
1529,151324.5625
1530,166722.65625
1531,104708.2578125
1532,99599.75
1533,133011.015625
1534,125663.328125
1535,151602.328125
1536,106515.21875
1537,77499.3046875
1538,180188.703125
1539,199019.96875
1540,82401.4921875
1541,142526.046875
1542,136383.359375
1543,225661.59375
1544,80009.125
1545,103135.84375
1546,126180.1875
1547,128382.6640625
1548,126769.7578125
1549,114067.1640625
1550,136489.53125
1551,123696.4609375
1552,127334.6328125
1553,154284.15625
1554,117122.609375
1555,170677.1875
1556,84374.65625
1557,108850.8125
1558,90696.1171875
1559,82820.625
1560,132640.25
1561,128229.1015625
1562,127504.7578125
1563,121696.9921875
1564,158264.046875
1565,147255.46875
1566,236800.953125
1567,81495.09375
1568,223867.6875
1569,125130.5625
1570,142108.828125
1571,130692.1171875
1572,150350.40625
1573,252049.984375
1574,121106.5234375
1575,224965.171875
1576,208413.859375
1577,194400.78125
1578,142255.265625
1579,143514.765625
1580,195179.875
1581,147350.4375
1582,130030.8515625
1583,315031.53125
1584,225586.703125
1585,142941.75
1586,72819.546875
1587,99927.0390625
1588,154268.703125
1589,94107.0703125
1590,133751.203125
1591,96696.359375
1592,109071.2109375
1593,131194.875
1594,111366.796875
1595,110281.15625
1596,236648.34375
1597,183309.25
1598,185768.484375
1599,189764.25
1600,191507.734375
1601,67910.375
1602,116001.0
1603,78133.140625
1604,269269.625
1605,254143.625
1606,166664.78125
1607,166760.5
1608,204634.75
1609,194744.796875
1610,137079.15625
1611,139414.421875
1612,166204.484375
1613,155826.75
1614,124215.4140625
1615,84583.2421875
1616,69911.8359375
1617,91794.9765625
1618,126824.171875
1619,138994.515625
1620,156053.984375
1621,132664.921875
1622,136551.109375
1623,273459.6875
1624,208982.09375
1625,129574.4375
1626,161293.0625
1627,179368.828125
1628,267769.53125
1629,180433.90625
1630,335518.25
1631,210118.1875
1632,244657.3125
1633,169713.375
1634,187912.203125
1635,173807.296875
1636,153878.140625
1637,189176.625
1638,211000.921875
1639,179611.546875
1640,253691.046875
1641,181054.28125
1642,212121.703125
1643,242172.515625
1644,225904.265625
1645,183166.828125
1646,156656.09375
1647,178104.890625
1648,135098.9375
1649,136573.90625
1650,114000.8203125
1651,124318.28125
1652,98540.5390625
1653,93531.8515625
1654,154652.140625
1655,158817.890625
1656,145557.796875
1657,156593.0625
1658,148766.375
1659,140226.078125
1660,151012.296875
1661,414854.5625
1662,402055.15625
1663,395521.875
1664,431068.34375
1665,298884.0625
1666,325945.25
1667,371843.4375
1668,319719.5625
1669,296531.53125
1670,350184.78125
1671,254356.515625
1672,410296.71875
1673,301982.40625
1674,246954.359375
1675,178141.578125
1676,175773.421875
1677,214489.953125
1678,408363.25
1679,366519.375
1680,339154.8125
1681,243967.171875
1682,327546.0
1683,174204.0625
1684,182013.734375
1685,175439.984375
1686,173737.515625
1687,167473.703125
1688,196200.71875
1689,200281.5625
1690,200562.921875
1691,181180.703125
1692,276177.25
1693,158021.546875
1694,174768.0
1695,163080.765625
1696,287644.84375
1697,163728.25
1698,353430.15625
1699,302308.875
1700,247701.59375
1701,280727.65625
1702,246857.578125
1703,255664.4375
1704,281749.25
1705,236119.015625
1706,408946.25
1707,214431.65625
1708,194784.921875
1709,279911.21875
1710,223563.65625
1711,252322.0
1712,276257.3125
1713,256944.265625
1714,219551.09375
1715,202894.578125
1716,188232.0
1717,184041.96875
1718,144905.59375
1719,197615.484375
1720,238809.84375
1721,179097.390625
1722,132426.515625
1723,155393.5625
1724,196073.515625
1725,232887.484375
1726,180869.4375
1727,154460.96875
1728,190972.8125
1729,150852.671875
1730,154958.1875
1731,122687.8515625
1732,134409.46875
1733,117511.9609375
1734,119626.78125
1735,139279.015625
1736,114668.0234375
1737,327855.0625
1738,212390.515625
1739,236811.109375
1740,206573.375
1741,184414.265625
1742,166805.359375
1743,176368.84375
1744,293440.125
1745,219901.25
1746,197275.796875
1747,230182.375
1748,222106.6875
1749,149607.796875
1750,133716.90625
1751,236884.96875
1752,120344.6953125
1753,153768.71875
1754,211020.84375
1755,164000.015625
1756,124617.765625
1757,122110.1640625
1758,134638.21875
1759,164469.734375
1760,159632.859375
1761,142165.21875
1762,168398.4375
1763,177611.46875
1764,117110.328125
1765,133544.34375
1766,172713.4375
1767,207052.640625
1768,149542.03125
1769,185730.40625
1770,150736.328125
1771,130663.453125
1772,135249.125
1773,132176.1875
1774,150683.4375
1775,142942.296875
1776,126888.7734375
1777,110465.2578125
1778,149392.078125
1779,111327.1875
1780,189540.328125
1781,135222.9375
1782,89529.6953125
1783,138132.671875
1784,105905.65625
1785,122085.25
1786,157815.96875
1787,169870.9375
1788,60064.93359375
1789,108981.7890625
1790,86646.8984375
1791,176726.28125
1792,151276.9375
1793,128478.8125
1794,153112.703125
1795,140668.890625
1796,125559.7109375
1797,116905.1171875
1798,125429.2578125
1799,109180.484375
1800,129038.2578125
1801,123839.875
1802,143327.796875
1803,150191.484375
1804,148602.75
1805,138844.8125
1806,117462.1015625
1807,125235.859375
1808,125084.9921875
1809,121942.46875
1810,151223.578125
1811,93000.4921875
1812,96688.796875
1813,122125.7734375
1814,96281.90625
1815,57754.1875
1816,99942.953125
1817,115086.3046875
1818,134444.21875
1819,127526.40625
1820,64610.2890625
1821,113531.359375
1822,153524.734375
1823,50609.17578125
1824,131587.328125
1825,130646.3828125
1826,97746.75
1827,99577.71875
1828,133799.4375
1829,108592.9453125
1830,129208.9375
1831,150975.140625
1832,82992.2734375
1833,133606.25
1834,121756.1953125
1835,132699.96875
1836,130643.890625
1837,87021.953125
1838,120848.3203125
1839,85242.9765625
1840,150924.1875
1841,145775.484375
1842,74120.578125
1843,130971.8515625
1844,144902.546875
1845,141072.0625
1846,154950.203125
1847,159684.9375
1848,50022.1875
1849,107391.5859375
1850,127466.9453125
1851,163117.15625
1852,135838.703125
1853,135391.859375
1854,180444.40625
1855,141064.25
1856,231491.796875
1857,161878.640625
1858,134440.375
1859,125291.6484375
1860,151535.265625
1861,122328.125
1862,259097.59375
1863,252766.828125
1864,252766.828125
1865,342049.28125
1866,333283.65625
1867,238308.859375
1868,306524.75
1869,199743.28125
1870,231307.75
1871,261296.140625
1872,171702.9375
1873,233671.921875
1874,137626.5625
1875,199319.703125
1876,181277.15625
1877,214502.015625
1878,215126.640625
1879,134502.3125
1880,138623.328125
1881,233972.953125
1882,269352.59375
1883,193891.046875
1884,201691.53125
1885,259774.78125
1886,322676.4375
1887,203176.5
1888,269483.375
1889,162348.9375
1890,120024.796875
1891,136711.65625
1892,105899.0859375
1893,126384.203125
1894,140243.609375
1895,148428.671875
1896,128620.53125
1897,104998.7421875
1898,111937.953125
1899,157066.4375
1900,143543.921875
1901,163463.171875
1902,138699.109375
1903,199551.171875
1904,145275.59375
1905,188141.921875
1906,120498.8125
1907,203559.359375
1908,115955.5390625
1909,139175.96875
1910,122579.3203125
1911,196803.953125
1912,330390.84375
1913,160452.46875
1914,59927.26953125
1915,292938.78125
1916,71608.796875
1917,284576.625
1918,142377.28125
1919,157174.765625
1920,148241.9375
1921,428005.90625
1922,319625.0625
1923,202079.859375
1924,221134.671875
1925,198133.484375
1926,384795.375
1927,137195.6875
1928,153136.796875
1929,123686.4296875
1930,123641.8515625
1931,141995.703125
1932,136242.578125
1933,178345.734375
1934,173503.234375
1935,166134.125
1936,180364.0625
1937,174888.046875
1938,167858.734375
1939,237772.4375
1940,187128.5625
1941,171514.078125
1942,174408.53125
1943,206188.78125
1944,338217.78125
1945,362069.34375
1946,144644.921875
1947,289977.75
1948,176399.625
1949,241182.375
1950,193310.75
1951,271644.625
1952,229361.96875
1953,163985.78125
1954,188274.015625
1955,130456.515625
1956,303352.59375
1957,154367.453125
1958,315681.15625
1959,143550.625
1960,115815.84375
1961,120274.1328125
1962,100069.328125
1963,103678.1328125
1964,105989.6171875
1965,143138.59375
1966,157551.0
1967,282866.28125
1968,399396.46875
1969,399897.65625
1970,424330.1875
1971,457950.03125
1972,375828.1875
1973,251864.484375
1974,321198.71875
1975,448608.78125
1976,269476.1875
1977,354528.65625
1978,371832.78125
1979,331394.65625
1980,192665.84375
1981,345644.21875
1982,216320.703125
1983,204331.515625
1984,178513.6875
1985,217490.265625
1986,220637.109375
1987,179126.421875
1988,175659.96875
1989,195469.53125
1990,217115.78125
1991,227555.796875
1992,204459.96875
1993,173189.625
1994,225879.921875
1995,186155.8125
1996,263420.59375
1997,323073.65625
1998,319700.96875
1999,260943.765625
2000,311569.84375
2001,248148.9375
2002,256183.328125
2003,260667.4375
2004,245648.359375
2005,231084.609375
2006,230046.765625
2007,246958.359375
2008,221279.171875
2009,185267.625
2010,197984.46875
2011,146839.25
2012,181107.296875
2013,183359.953125
2014,181468.796875
2015,210282.765625
2016,186635.765625
2017,198467.46875
2018,116316.15625
2019,134316.1875
2020,109613.7578125
2021,116183.5625
2022,173637.640625
2023,143394.09375
2024,216204.578125
2025,380017.25
2026,177663.984375
2027,141595.703125
2028,157323.390625
2029,162702.796875
2030,266618.0
2031,238870.421875
2032,253783.71875
2033,273885.34375
2034,165531.25
2035,196236.640625
2036,206864.75
2037,212151.84375
2038,271647.21875
2039,242293.328125
2040,293828.8125
2041,285401.46875
2042,194469.75
2043,167366.25
2044,173064.46875
2045,220452.640625
2046,148822.703125
2047,144512.40625
2048,143125.640625
2049,146282.96875
2050,194857.375
2051,104411.8046875
2052,127487.6171875
2053,146206.8125
2054,77270.3046875
2055,160986.015625
2056,136186.84375
2057,118655.3203125
2058,234010.21875
2059,132098.6875
2060,166397.8125
2061,187415.390625
2062,133812.3125
2063,116707.390625
2064,143778.34375
2065,120529.2734375
2066,161484.375
2067,114454.2109375
2068,161531.203125
2069,84496.1640625
2070,114534.578125
2071,91790.859375
2072,135622.265625
2073,138182.484375
2074,188488.703125
2075,148042.875
2076,125335.8671875
2077,148288.03125
2078,130146.84375
2079,130964.859375
2080,117455.71875
2081,128700.2890625
2082,134335.015625
2083,152269.875
2084,116493.2265625
2085,122761.2421875
2086,105316.1484375
2087,127233.515625
2088,99525.6875
2089,76540.6171875
2090,135126.390625
2091,119334.390625
2092,125004.015625
2093,124054.765625
2094,126583.8359375
2095,141226.859375
2096,80870.0703125
2097,101054.3359375
2098,135250.671875
2099,51948.01953125
2100,85913.8359375
2101,128145.6015625
2102,126683.46875
2103,106276.8671875
2104,132693.515625
2105,129051.1796875
2106,69815.953125
2107,215674.296875
2108,115280.078125
2109,108605.7890625
2110,126506.9609375
2111,150263.96875
2112,135519.484375
2113,120326.6796875
2114,109091.703125
2115,156360.859375
2116,118047.75
2117,142802.09375
2118,119874.9453125
2119,101675.53125
2120,109961.7890625
2121,82343.59375
2122,82280.40625
2123,87809.0859375
2124,165987.15625
2125,136237.5
2126,151626.625
2127,153893.40625
2128,127818.2578125
2129,107367.7265625
2130,142844.59375
2131,159006.265625
2132,116065.734375
2133,121895.9609375
2134,120384.296875
2135,102165.21875
2136,76029.4765625
2137,116065.3984375
2138,132220.953125
2139,149586.25
2140,141446.84375
2141,139204.515625
2142,127577.984375
2143,137460.890625
2144,118807.390625
2145,136751.15625
2146,162563.375
2147,134497.4375
2148,132231.796875
2149,140321.59375
2150,217552.296875
2151,123104.5078125
2152,172368.71875
2153,162931.0625
2154,109710.6015625
2155,134348.609375
2156,246945.40625
2157,232764.03125
2158,236549.0625
2159,216119.03125
2160,180546.828125
2161,240664.03125
2162,358115.375
2163,357243.5
2164,253155.0
2165,194086.96875
2166,144387.609375
2167,220077.0625
2168,184622.4375
2169,202699.25
2170,216488.0625
2171,145132.671875
2172,139394.890625
2173,160251.984375
2174,240997.28125
2175,332735.1875
2176,319793.96875
2177,254103.40625
2178,220636.6875
2179,142941.75
2180,197521.28125
2181,195657.53125
2182,204071.140625
2183,187565.046875
2184,132437.25
2185,123178.6171875
2186,141702.5625
2187,150998.1875
2188,151672.46875
2189,232281.5
2190,86029.03125
2191,86684.8359375
2192,96716.5546875
2193,106911.7109375
2194,103816.9453125
2195,112361.0625
2196,102813.4375
2197,114606.0390625
2198,170465.703125
2199,164563.234375
2200,144874.90625
2201,146401.453125
2202,219937.109375
2203,149385.375
2204,177087.5
2205,114962.8984375
2206,136812.203125
2207,211856.0625
2208,241357.46875
2209,206556.234375
2210,130514.1328125
2211,114446.5703125
2212,114132.5625
2213,107845.734375
2214,127101.0859375
2215,101787.6875
2216,155309.109375
2217,80453.296875
2218,78812.5078125
2219,68108.1328125
2220,58766.0390625
2221,292938.78125
2222,256509.6875
2223,268618.40625
2224,202486.515625
2225,122062.546875
2226,176069.53125
2227,209438.578125
2228,266941.875
2229,252951.796875
2230,139826.671875
2231,214768.53125
2232,169570.046875
2233,176977.25
2234,249364.28125
2235,214151.875
2236,264353.53125
2237,340622.1875
2238,189965.765625
2239,118658.6015625
2240,155964.421875
2241,151200.78125
2242,133997.875
2243,130073.140625
2244,102524.6953125
2245,99705.4296875
2246,147326.6875
2247,102410.8515625
2248,124721.921875
2249,127930.0859375
2250,135778.59375
2251,106876.234375
2252,175719.109375
2253,143935.421875
2254,164251.390625
2255,179858.03125
2256,190146.296875
2257,187851.828125
2258,173376.203125
2259,168663.640625
2260,162450.703125
2261,197035.5
2262,213545.765625
2263,331444.59375
2264,461948.25
2265,177074.328125
2266,279917.875
2267,354184.625
2268,417440.9375
2269,147740.90625
2270,200193.15625
2271,234163.8125
2272,203259.640625
2273,164135.984375
2274,169186.5625
2275,161797.765625
2276,197074.78125
2277,185017.78125
2278,149545.734375
2279,129947.421875
2280,117996.1953125
2281,158823.03125
2282,184973.140625
2283,104854.453125
2284,112609.296875
2285,155800.4375
2286,125250.078125
2287,354784.6875
2288,271146.375
2289,373832.46875
2290,460715.03125
2291,314896.375
2292,408769.625
2293,451849.25
2294,427887.125
2295,411289.0625
2296,290843.53125
2297,301266.71875
2298,307095.3125
2299,381820.15625
2300,330488.5625
2301,275029.4375
2302,231842.421875
2303,241256.21875
2304,217406.28125
2305,177922.390625
2306,175834.953125
2307,174377.265625
2308,228599.1875
2309,278242.21875
2310,209790.609375
2311,192624.875
2312,175178.65625
2313,178449.015625
2314,172423.796875
2315,177337.453125
2316,187103.21875
2317,175077.78125
2318,173876.75
2319,182955.234375
2320,192056.609375
2321,248772.59375
2322,175366.046875
2323,183779.9375
2324,173848.90625
2325,209479.9375
2326,169158.5
2327,216208.5
2328,228253.90625
2329,181023.71875
2330,172321.046875
2331,362398.5625
2332,391104.46875
2333,321525.4375
2334,255041.015625
2335,287259.6875
2336,317153.125
2337,200306.015625
2338,280234.125
2339,221748.359375
2340,396846.9375
2341,210424.796875
2342,237755.421875
2343,217681.578125
2344,205421.5625
2345,241550.890625
2346,216046.484375
2347,191302.015625
2348,232158.8125
2349,170120.4375
2350,286372.90625
2351,244397.28125
2352,246958.359375
2353,237511.796875
2354,136507.5
2355,159705.34375
2356,158496.8125
2357,200655.140625
2358,181639.515625
2359,125423.6328125
2360,113701.6953125
2361,139783.59375
2362,280323.9375
2363,142116.546875
2364,166113.375
2365,213980.59375
2366,193967.4375
2367,223585.40625
2368,207851.53125
2369,222270.265625
2370,162016.09375
2371,169347.671875
2372,185007.546875
2373,279397.8125
2374,305323.3125
2375,259135.90625
2376,281675.65625
2377,358959.59375
2378,135479.171875
2379,170215.21875
2380,143053.984375
2381,162927.640625
2382,209002.609375
2383,204880.015625
2384,256931.28125
2385,162874.5
2386,136722.34375
2387,134863.625
2388,98813.4453125
2389,130217.859375
2390,141359.59375
2391,142691.6875
2392,117023.6875
2393,175233.296875
2394,143564.734375
2395,186010.125
2396,141547.5
2397,209000.421875
2398,129670.2421875
2399,60631.9375
2400,53224.22265625
2401,112781.7890625
2402,136950.1875
2403,141472.328125
2404,141278.59375
2405,157578.796875
2406,145206.75
2407,128633.90625
2408,143431.4375
2409,127319.2109375
2410,172196.6875
2411,121929.796875
2412,153735.421875
2413,134384.21875
2414,137019.5625
2415,143730.90625
2416,136387.0
2417,127201.25
2418,128157.4609375
2419,129236.7890625
2420,123569.9453125
2421,152827.0625
2422,116559.34375
2423,124394.421875
2424,165634.6875
2425,197517.515625
2426,136583.28125
2427,139973.421875
2428,180913.265625
2429,123787.09375
2430,132636.328125
2431,113782.3984375
2432,143203.453125
2433,146644.03125
2434,139937.515625
2435,144723.984375
2436,106093.984375
2437,114231.9765625
2438,126916.25
2439,107452.953125
2440,119954.765625
2441,95964.5390625
2442,98693.6484375
2443,118960.671875
2444,132579.421875
2445,76105.71875
2446,119913.359375
2447,203967.828125
2448,139866.015625
2449,105496.0859375
2450,152839.75
2451,125484.890625
2452,184117.796875
2453,91274.53125
2454,115358.9296875
2455,113359.8828125
2456,125753.484375
2457,120953.015625
2458,116838.46875
2459,107097.640625
2460,125892.796875
2461,112611.3359375
2462,129711.3046875
2463,122795.4296875
2464,160808.484375
2465,135461.34375
2466,114305.4296875
2467,141406.78125
2468,79076.3125
2469,82695.0546875
2470,174293.96875
2471,208402.53125
2472,174917.40625
2473,110887.875
2474,88128.640625
2475,210595.640625
2476,113205.28125
2477,130181.8515625
2478,152506.609375
2479,100783.703125
2480,143657.859375
2481,120314.515625
2482,129927.9609375
2483,115529.90625
2484,119234.7421875
2485,124150.046875
2486,154017.921875
2487,190208.328125
2488,160341.265625
2489,150240.328125
2490,147011.46875
2491,91000.828125
2492,177325.28125
2493,145916.109375
2494,158085.75
2495,88423.5390625
2496,247114.5625
2497,158010.6875
2498,113338.4765625
2499,95645.578125
2500,130653.984375
2501,138690.640625
2502,140607.59375
2503,93541.9296875
2504,179488.4375
2505,225903.609375
2506,260990.3125
2507,270875.53125
2508,262087.765625
2509,211371.703125
2510,230590.390625
2511,182678.1875
2512,202728.828125
2513,211648.453125
2514,247986.640625
2515,145992.796875
2516,152768.625
2517,135055.015625
2518,149185.5
2519,224678.09375
2520,212619.125
2521,194985.453125
2522,221908.296875
2523,129742.9765625
2524,135251.4375
2525,141259.1875
2526,142155.3125
2527,111719.640625
2528,129930.8125
2529,131903.953125
2530,113546.3046875
2531,243615.875
2532,223405.9375
2533,197134.375
2534,237429.375
2535,333926.0
2536,238240.015625
2537,243012.09375
2538,185206.5
2539,195039.765625
2540,169513.453125
2541,191607.296875
2542,169349.765625
2543,132910.96875
2544,127856.90625
2545,136768.765625
2546,139492.09375
2547,137561.875
2548,142867.078125
2549,148923.515625
2550,605080.625
2551,139008.4375
2552,120220.578125
2553,80882.4921875
2554,111472.9453125
2555,125390.265625
2556,108959.4453125
2557,111023.0
2558,120449.640625
2559,136373.609375
2560,144014.640625
2561,139657.421875
2562,129040.4765625
2563,150717.34375
2564,199971.421875
2565,135848.40625
2566,147324.296875
2567,128160.390625
2568,194408.5625
2569,194274.9375
2570,129278.203125
2571,183829.359375
2572,171907.09375
2573,218273.203125
2574,274984.59375
2575,130304.4453125
2576,131880.421875
2577,147461.78125
2578,84253.2421875
2579,66828.0703125
2580,116875.3515625
2581,114444.28125
2582,109753.9296875
2583,271643.0625
2584,150364.171875
2585,173787.40625
2586,216214.0625
2587,192115.234375
2588,148165.1875
2589,146901.71875
2590,212933.640625
2591,195666.671875
2592,214433.703125
2593,263157.46875
2594,184206.671875
2595,207691.625
2596,303474.125
2597,181883.234375
2598,288460.75
2599,334131.46875
2600,137273.5625
2601,136642.3125
2602,83643.03125
2603,97055.1953125
2604,84946.9296875
2605,78470.2890625
2606,149337.515625
2607,181795.671875
2608,199668.625
2609,161675.90625
2610,116937.34375
2611,121998.421875
2612,154639.609375
2613,130586.34375
2614,128022.84375
2615,154513.265625
2616,143106.25
2617,180450.78125
2618,192145.28125
2619,201514.453125
2620,175337.28125
2621,173766.515625
2622,171392.09375
2623,268634.3125
2624,294628.78125
2625,308076.53125
2626,166776.40625
2627,173075.703125
2628,438179.59375
2629,441946.15625
2630,370829.1875
2631,441099.375
2632,403587.5625
2633,302660.21875
2634,389378.0
2635,150850.65625
2636,177942.421875
2637,193636.046875
2638,250929.453125
2639,184092.34375
2640,155478.640625
2641,105983.1484375
2642,188142.453125
2643,101849.828125
2644,125387.3984375
2645,105436.140625
2646,100910.65625
2647,101866.9296875
2648,141168.828125
2649,139742.28125
2650,143309.890625
2651,137440.84375
2652,434803.21875
2653,246943.53125
2654,229901.5625
2655,389303.375
2656,320745.09375
2657,357198.875
2658,302167.34375
2659,318004.1875
2660,343247.90625
2661,368047.25
2662,347360.5625
2663,286668.28125
2664,261846.171875
2665,322389.4375
2666,281692.03125
2667,157685.6875
2668,187999.140625
2669,167059.90625
2670,285270.59375
2671,191211.1875
2672,185841.3125
2673,205375.328125
2674,206486.90625
2675,172485.140625
2676,197912.15625
2677,181360.328125
2678,235272.734375
2679,269986.28125
2680,283006.34375
2681,383992.90625
2682,315499.65625
2683,490622.71875
2684,325742.34375
2685,338392.65625
2686,287983.28125
2687,326628.28125
2688,219337.625
2689,216046.484375
2690,449628.15625
2691,176399.109375
2692,141026.0625
2693,188006.5
2694,139564.34375
2695,195452.390625
2696,194158.421875
2697,168933.765625
2698,184766.34375
2699,166601.0625
2700,158515.5625
2701,150383.25
2702,115813.1953125
2703,134836.875
2704,140463.515625
2705,122241.2421875
2706,117114.5703125
2707,131746.046875
2708,136703.953125
2709,112334.0625
2710,125369.9375
2711,289751.0625
2712,373195.1875
2713,172341.921875
2714,151317.484375
2715,165342.09375
2716,144831.953125
2717,182937.09375
2718,227512.609375
2719,155403.1875
2720,174719.015625
2721,137455.65625
2722,155360.375
2723,146809.84375
2724,128849.7421875
2725,132221.453125
2726,143120.03125
2727,180527.03125
2728,164827.734375
2729,147954.953125
2730,145629.71875
2731,128763.6328125
2732,128971.2109375
2733,158960.78125
2734,148744.53125
2735,132688.078125
2736,147341.15625
2737,126898.9453125
2738,144334.046875
2739,162947.6875
2740,133230.390625
2741,144116.3125
2742,149625.765625
2743,138847.59375
2744,154368.625
2745,142323.9375
2746,136507.625
2747,152765.140625
2748,122714.53125
2749,130460.625
2750,132597.0
2751,132946.96875
2752,194750.9375
2753,143349.9375
2754,198848.265625
2755,129777.375
2756,88781.7265625
2757,72662.3515625
2758,81816.1640625
2759,161476.671875
2760,121736.109375
2761,144682.4375
2762,147558.703125
2763,179986.046875
2764,161561.234375
2765,280120.3125
2766,130984.84375
2767,82595.5859375
2768,142223.53125
2769,134422.171875
2770,149936.734375
2771,110365.8515625
2772,117447.5390625
2773,152070.046875
2774,139912.4375
2775,121357.7578125
2776,139858.9375
2777,147639.640625
2778,101483.4296875
2779,116936.671875
2780,95527.625
2781,96897.140625
2782,91350.8125
2783,100321.3984375
2784,126847.3984375
2785,136826.953125
2786,69595.390625
2787,121508.421875
2788,77874.6328125
2789,173248.59375
2790,89409.7265625
2791,114013.0
2792,56499.984375
2793,153132.703125
2794,93630.734375
2795,121122.9296875
2796,97473.34375
2797,186598.046875
2798,98394.890625
2799,118577.6015625
2800,79933.9296875
2801,108925.46875
2802,138074.203125
2803,161971.609375
2804,141200.203125
2805,104775.0859375
2806,83477.515625
2807,157110.625
2808,148422.578125
2809,138145.84375
2810,131054.5703125
2811,154248.25
2812,146597.890625
2813,160941.8125
2814,161357.375
2815,101188.1953125
2816,240440.578125
2817,141862.921875
2818,130932.515625
2819,165001.21875
2820,129489.5703125
2821,107658.1953125
2822,188068.1875
2823,277832.53125
2824,172557.203125
2825,153629.609375
2826,135865.78125
2827,142184.203125
2828,202401.1875
2829,171674.453125
2830,223918.71875
2831,185832.453125
2832,257784.171875
2833,286519.875
2834,203262.171875
2835,218550.453125
2836,194243.8125
2837,144585.203125
2838,143000.390625
2839,180845.46875
2840,198271.859375
2841,204242.09375
2842,224210.828125
2843,145804.125
2844,143506.6875
2845,120032.578125
2846,207442.203125
2847,185140.09375
2848,224866.296875
2849,200286.90625
2850,290187.15625
2851,236190.640625
2852,239098.5625
2853,235197.8125
2854,144243.09375
2855,200768.828125
2856,201470.828125
2857,193250.296875
2858,204952.3125
2859,123293.671875
2860,129979.640625
2861,127528.59375
2862,193726.546875
2863,131296.515625
2864,262303.8125
2865,140668.890625
2866,146665.71875
2867,95455.2265625
2868,102537.40625
2869,113593.421875
2870,126440.859375
2871,88416.4609375
2872,53230.72265625
2873,106455.1953125
2874,135755.546875
2875,113248.4765625
2876,166172.953125
2877,139260.953125
2878,175862.453125
2879,132645.8125
2880,100476.125
2881,149437.671875
2882,159530.734375
2883,198747.21875
2884,211396.703125
2885,179685.21875
2886,210964.3125
2887,91677.3984375
2888,130368.3359375
2889,60013.7421875
2890,82494.5859375
2891,136713.734375
2892,51966.55078125
2893,87483.6015625
2894,51508.08203125
2895,270927.1875
2896,281897.09375
2897,187848.609375
2898,152659.84375
2899,229095.484375
2900,153498.09375
2901,209389.0625
2902,179314.78125
2903,353616.59375
2904,353071.375
2905,86466.0390625
2906,189702.90625
2907,112862.8125
2908,132577.90625
2909,144759.046875
2910,82012.0859375
2911,80115.109375
2912,139869.34375
2913,85938.671875
2914,75300.0859375
2915,78772.984375
2916,85938.671875
2917,158258.921875
2918,119059.984375
2919,208086.953125
