Id,SalePrice
1461,122048.22365384956
1462,160241.8006221725
1463,180209.57390374958
1464,197150.70392816167
1465,201812.91301902776
1466,170383.40312553305
1467,175993.7329618369
1468,161282.51280653788
1469,195012.7055455598
1470,116274.89963637663
1471,196258.12367322177
1472,99414.34995098191
1473,98254.89660237296
1474,147476.90356892155
1475,112647.45846211274
1476,351266.68700256513
1477,255805.4473916205
1478,284605.6782690411
1479,281022.63182820677
1480,462183.055022441
1481,327164.77187600627
1482,216854.30008924077
1483,181076.5925824221
1484,163826.19120439314
1485,191752.3187654387
1486,198090.14901387383
1487,320935.6304076837
1488,233112.26028344678
1489,192714.51577457614
1490,223156.013368211
1491,197374.0589397794
1492,96587.17671045887
1493,178960.0731234324
1494,291498.3019483463
1495,289179.0536990186
1496,227006.34541034783
1497,179683.96064549242
1498,164785.57646282637
1499,160393.41296559383
1500,154461.2179139755
1501,169704.05632396406
1502,147976.8173685819
1503,277254.3570879838
1504,240714.91982740018
1505,223441.32170658858
1506,195600.76734770433
1507,247629.98423849745
1508,202462.39913147414
1509,161573.26129614303
1510,142920.54932574724
1511,147386.04835284007
1512,176708.63718163298
1513,146062.61935498702
1514,156116.3161867859
1515,192219.6215838492
1516,154985.74119189676
1517,172769.64824357672
1518,135712.19745787766
1519,210757.92342726907
1520,127945.84123396502
1521,130221.67976338496
1522,178199.54120576812
1523,111803.87002221151
1524,121984.45245864689
1525,119068.32543041205
1526,116638.64882747499
1527,106014.86768488806
1528,137240.00254400395
1529,146845.59372166637
1530,181156.63952838728
1531,108256.57814479912
1532,96506.51127042023
1533,152963.99613306683
1534,123098.80486137945
1535,151361.29755183993
1536,108727.55343513718
1537,67803.54876579688
1538,154838.61249128665
1539,195478.59081100803
1540,93191.29865116328
1541,144444.4018179142
1542,142588.1899476735
1543,189028.6259747588
1544,89501.53042749329
1545,117117.0358396329
1546,136681.78527983485
1547,130998.91560702892
1548,137852.80328375442
1549,122472.34327494109
1550,134689.5224680145
1551,107591.99785620984
1552,133938.5145684839
1553,147874.5144001754
1554,118265.17954413475
1555,165998.7303519417
1556,90534.59958913173
1557,109197.39766671942
1558,103114.8549803163
1559,65883.57774861621
1560,135175.37964670465
1561,129810.92426300734
1562,131390.73048244437
1563,116764.10261727056
1564,161710.2302511009
1565,149715.5326834832
1566,236700.93199497083
1567,78667.82103499505
1568,234776.36964039225
1569,127294.74780003878
1570,144105.57291769737
1571,129231.0118895449
1572,144867.12002271702
1573,242068.65609480752
1574,129304.30383905314
1575,221646.08223958232
1576,242355.2576864069
1577,179749.22021122565
1578,143079.38311114203
1579,145747.2485677052
1580,193888.83075650412
1581,155409.7481340671
1582,123738.49755085763
1583,293791.64898573817
1584,219185.23271716107
1585,138804.76698681506
1586,68955.68031431932
1587,103798.78027920585
1588,148003.92609202984
1589,100841.42094426791
1590,139669.40659225552
1591,95461.85288654483
1592,111103.97715425798
1593,120511.12559917835
1594,119898.32400300902
1595,114453.03861939316
1596,228472.44019841257
1597,193478.17281972273
1598,228545.1505315883
1599,172261.53406866838
1600,169182.02791283105
1601,66985.10605851168
1602,118429.99984117194
1603,66921.3882245567
1604,253662.99052575816
1605,249444.29752789
1606,172528.71177128042
1607,179588.61925338279
1608,217106.12433532465
1609,183189.40909615532
1610,147606.6281336252
1611,144873.6529818852
1612,172386.70835397602
1613,164787.86976374782
1614,119330.56433671397
1615,93523.3313865469
1616,81532.87772693009
1617,94760.52643594117
1618,123525.66387360587
1619,138254.83329905831
1620,161539.0380781491
1621,142603.35671199922
1622,142202.85454818973
1623,256949.09368010296
1624,220650.70862803885
1625,119163.09725257572
1626,173184.19640071248
1627,188467.7512470702
1628,280300.49828654533
1629,180139.32979028623
1630,348605.0772276162
1631,227646.81151073918
1632,250035.57626134998
1633,171356.18624144405
1634,185167.85048405532
1635,177830.58950249205
1636,153571.15972070262
1637,198587.41360320052
1638,187850.8196387744
1639,188096.79967807236
1640,253892.69328052877
1641,183322.96856919018
1642,237312.0445204434
1643,219151.6795871155
1644,233906.14388205414
1645,194513.1771467823
1646,157195.15241302602
1647,157388.2728275769
1648,127793.22783864885
1649,138617.37176600567
1650,110524.30905675932
1651,121260.95850783278
1652,101956.70315069554
1653,104394.01410521506
1654,143387.8866351304
1655,135273.75675570552
1656,140482.97782475752
1657,144277.50298483917
1658,144409.38862847578
1659,117102.74457160906
1660,154830.68708524384
1661,408000.32306310255
1662,382097.64355659194
1663,363930.3990549519
1664,481443.01533580327
1665,293791.4041934811
1666,317602.350619345
1667,365774.8181638654
1668,325841.51568979234
1669,295546.04272499535
1670,329393.81973565987
1671,262354.79292076814
1672,405009.3614800003
1673,287805.8057174115
1674,246561.4186293482
1675,202171.39098294347
1676,199609.2328604877
1677,222282.9710672407
1678,440131.2424157085
1679,358971.6046917331
1680,324964.98127323546
1681,237135.10113285284
1682,298295.4298887432
1683,190075.46051833633
1684,179581.05445652877
1685,177784.6562699269
1686,172151.75489602555
1687,175424.50742604112
1688,192970.80808336716
1689,196782.72434113387
1690,198017.92520161302
1691,187617.9224024885
1692,258976.34900517715
1693,174431.78334417418
1694,179698.09884211357
1695,162221.56318050058
1696,269491.0533214761
1697,167772.35513211004
1698,339736.35489299224
1699,309994.8965790069
1700,248230.24935096398
1701,273318.4365046697
1702,244684.70160724738
1703,236132.95042006884
1704,274483.95995452564
1705,232442.01205297947
1706,393487.6037389719
1707,208700.33087634694
1708,198838.51124674125
1709,268652.50131244364
1710,221134.05803386596
1711,267453.0389534369
1712,258115.44814697758
1713,262775.77008123556
1714,224126.0745372192
1715,208833.70616764165
1716,181041.73885488108
1717,174817.3061783251
1718,137810.51731008326
1719,205735.06645471588
1720,237145.9435537621
1721,163948.4536234684
1722,127252.00758975279
1723,154362.14661424764
1724,206605.49140740858
1725,236583.59378428798
1726,189428.43505053665
1727,159425.9377897336
1728,177339.95257902954
1729,166199.56904066566
1730,151478.85956679357
1731,122658.15120046739
1732,124378.53702373277
1733,111727.43228517611
1734,120229.93257873808
1735,128052.67455224342
1736,109531.93033390853
1737,286767.937176696
1738,248473.38699237246
1739,237411.01320335967
1740,215650.95271931993
1741,187555.72273100875
1742,169977.9586585275
1743,178886.33480976755
1744,303658.80531972717
1745,222739.04667031878
1746,193372.03800400492
1747,218814.10648728014
1748,219640.90659659696
1749,147943.56133902405
1750,132537.92251913244
1751,255192.64442639842
1752,114381.56983956847
1753,151097.9180788552
1754,194975.49011824446
1755,166010.90971277194
1756,119798.20002924281
1757,118164.22597677643
1758,144147.97638057187
1759,164825.4180589546
1760,165252.3964214991
1761,149974.96388397182
1762,176199.03722274955
1763,189187.4545085451
1764,115129.08743240075
1765,163696.23523864432
1766,186363.78782181628
1767,224635.6901977892
1768,138185.01780686935
1769,174293.54378852842
1770,150767.28597310043
1771,125346.75748070734
1772,139550.31425434878
1773,122415.82626474465
1774,152336.32949341508
1775,139288.29778356384
1776,126552.01615381459
1777,102813.50436100822
1778,140219.5324066474
1779,112793.51253347714
1780,173046.56370402456
1781,128495.50520005268
1782,86568.58111917383
1783,143826.29313474926
1784,104575.10450225839
1785,122244.62581921222
1786,144010.3334073475
1787,167077.2393827521
1788,60026.60799927916
1789,103204.74535061923
1790,77914.13708819698
1791,183899.4624214197
1792,158434.65667104945
1793,132150.82409370752
1794,158645.57197180146
1795,137501.2974819323
1796,124290.5698750667
1797,121075.02717026316
1798,121177.97478612812
1799,107947.32095205014
1800,131809.202400039
1801,122976.75420209157
1802,140174.5623758356
1803,150126.48971528807
1804,144682.09583931105
1805,135246.75364861437
1806,132561.24924781374
1807,139452.88097182437
1808,128196.20810100881
1809,119891.91402481687
1810,136152.80048827123
1811,88169.63831291739
1812,100833.94949022718
1813,124108.83028824137
1814,90743.38851488598
1815,56701.41280188216
1816,97607.14450203885
1817,112113.25368683638
1818,145141.6290372289
1819,128828.24616301598
1820,52195.85836044504
1821,112956.7413805534
1822,152831.062211203
1823,43861.84748199374
1824,132793.51730305314
1825,134467.470596025
1826,106930.36848704432
1827,100910.84183625208
1828,134323.74464902017
1829,131352.17439626282
1830,145641.2974365123
1831,146375.89020899826
1832,75607.72956156023
1833,141752.81491432272
1834,123887.69865924583
1835,130084.22117389699
1836,130616.35228795953
1837,89995.24602695701
1838,130698.48774270053
1839,93101.3610901354
1840,142002.3402967776
1841,136452.78069859708
1842,95628.38715924365
1843,129573.93773251837
1844,138492.4080093014
1845,144082.16733713946
1846,155793.9452576607
1847,167561.36562798315
1848,51302.2083485224
1849,107283.72785121873
1850,120349.62949863733
1851,162119.11768926703
1852,126862.80779362311
1853,127976.89298573992
1854,169296.53184177823
1855,158107.55763692237
1856,224333.36516710723
1857,138937.68292381134
1858,136218.81161251548
1859,117142.20557135099
1860,149947.40891399837
1861,116440.65986865546
1862,290436.8020214827
1863,275948.00348750054
1864,276028.2470304238
1865,330812.616753794
1866,309377.67524054006
1867,228231.75098300172
1868,282317.66441104957
1869,203643.13837944242
1870,222581.53290368489
1871,247053.49672965752
1872,178000.20876381878
1873,243873.90659400774
1874,149484.4394885223
1875,203044.98377869366
1876,195598.41228886673
1877,210465.35657420915
1878,204580.00076613118
1879,127896.66923382001
1880,129445.01303758036
1881,249954.45566417213
1882,248642.85608473164
1883,189507.3861643292
1884,205502.47872812444
1885,238709.97080527834
1886,275590.2971353308
1887,214106.391952251
1888,265600.34502628614
1889,171640.50653411544
1890,120951.11331693499
1891,132570.55771737828
1892,98770.69040862695
1893,132429.97661092292
1894,128337.51436441118
1895,143756.96112315706
1896,129129.53545261321
1897,115770.14309833349
1898,116681.37542665242
1899,160237.90324527453
1900,155177.7415520225
1901,166104.72188017867
1902,157134.14494206719
1903,211439.92829608568
1904,145718.0819849841
1905,206003.67347003988
1906,132442.63729059967
1907,224910.49053452897
1908,110186.01439596107
1909,136399.28838539222
1910,120760.59342885834
1911,223736.69596816154
1912,351687.74474517675
1913,145661.2179457507
1914,53018.4282278916
1915,286730.89117054874
1916,66764.93135017273
1917,253608.5740820987
1918,141993.14208312694
1919,180406.62116673516
1920,164384.18530569514
1921,354424.62193881266
1922,296779.8196230831
1923,235933.45438886026
1924,227040.40226756697
1925,196888.96581651142
1926,351332.8353345203
1927,136646.59788954013
1928,158440.85883985233
1929,125874.96518806268
1930,136651.9396864593
1931,140643.933360891
1932,142273.19251833475
1933,181698.21886573915
1934,180621.3163818874
1935,168122.17056433146
1936,188724.40900356788
1937,184761.23256053342
1938,175210.71811672268
1939,250096.7792494471
1940,196227.78992988964
1941,169205.9321120188
1942,189529.68063358686
1943,216131.57789897092
1944,338639.4561865908
1945,364527.5108378209
1946,148168.926686197
1947,299611.0566712155
1948,173902.08773475257
1949,245649.32690887313
1950,187130.88134407415
1951,256478.44871490047
1952,220474.43663644398
1953,166046.31131809205
1954,188454.66908837672
1955,138969.12650575547
1956,314430.2742567741
1957,155213.39594476897
1958,287560.67052482866
1959,145140.13840469238
1960,114654.42298729793
1961,118032.13285733762
1962,100740.75168955897
1963,108001.47432251304
1964,106959.68995082336
1965,142968.23260444708
1966,135557.4826072681
1967,290720.1085781221
1968,394200.9004918091
1969,354041.1734767005
1970,383802.4060630034
1971,447140.11024436407
1972,361274.68705766904
1973,275015.68350355804
1974,318158.9108366142
1975,481644.53142291657
1976,269482.4827496792
1977,341821.88215095503
1978,338429.37086894794
1979,334005.60291974474
1980,209535.34305455966
1981,333396.0980302359
1982,222313.5570388659
1983,207880.4706928945
1984,174853.7228810663
1985,218527.4554053931
1986,208594.78095889834
1987,182108.32131198377
1988,174885.9156992299
1989,195196.040496151
1990,209318.4480094553
1991,235201.1055375787
1992,214374.58421537603
1993,171649.5972873619
1994,233708.3036362816
1995,182955.76423047992
1996,246502.42782144653
1997,300713.6626243234
1998,314109.3041682071
1999,261259.34308395875
2000,309837.68898228003
2001,271590.36468196736
2002,234159.6010151133
2003,256297.43264100992
2004,285407.7021991013
2005,220736.0002243824
2006,221686.01195773002
2007,252981.53103438555
2008,209415.39226463818
2009,196712.32847860522
2010,198440.75285381582
2011,145868.474299713
2012,172068.60665308157
2013,178787.79816711895
2014,185742.01527350815
2015,210225.66525024318
2016,192103.66523530785
2017,196002.37076887855
2018,116801.21013856473
2019,134032.33405027434
2020,108513.6254157222
2021,101318.81338063817
2022,183287.42488871203
2023,148023.0228199112
2024,263332.9790212481
2025,349214.49673652404
2026,173204.3847474847
2027,156129.8177627787
2028,153420.38106261127
2029,162586.14176058167
2030,263235.2934733251
2031,228560.59466413755
2032,246096.2206850547
2033,251073.12885664622
2034,170071.47319553062
2035,216435.44395533562
2036,198052.65371891015
2037,201982.18533715868
2038,318662.32390869147
2039,225394.30179142358
2040,288603.8015955889
2041,287716.43273822445
2042,201776.994353269
2043,177489.91847104635
2044,174370.32218518184
2045,218075.72030820014
2046,148568.20488112455
2047,145976.73179314562
2048,137325.3827311325
2049,149720.95041252632
2050,179267.01419566118
2051,98249.97091828188
2052,121553.18977481559
2053,147310.62461997263
2054,95785.3304410248
2055,156293.1223673873
2056,150123.33332393543
2057,111910.21195751651
2058,217732.59937965265
2059,131717.89860571406
2060,170375.68061416422
2061,177886.04103942684
2062,128885.61739234021
2063,120270.09503437717
2064,136676.87346443027
2065,119956.54609486296
2066,168414.18383038414
2067,108087.24278219137
2068,149500.12546922071
2069,86262.50606267531
2070,116555.45102748291
2071,91982.12246827339
2072,144591.84746590187
2073,132074.689548619
2074,181705.3040061456
2075,146635.96647850223
2076,113637.64091450609
2077,154520.77668838087
2078,123613.5893484892
2079,134511.85184204037
2080,117735.24523659615
2081,126654.70919527023
2082,123746.96287879707
2083,148433.94248736327
2084,105582.48386168426
2085,114909.02129153864
2086,115789.42381555829
2087,122999.57504665173
2088,99774.21392714798
2089,77920.7974454689
2090,129483.2651101893
2091,106978.86969695677
2092,118849.74817548585
2093,120807.73077673174
2094,112877.3180063578
2095,146164.49590819006
2096,85711.86062899239
2097,101712.16235475658
2098,150499.2801620415
2099,54484.38435965527
2100,74710.88722850839
2101,111412.6651107975
2102,130915.56856131164
2103,102729.1122028172
2104,140731.33020135618
2105,127058.83325404572
2106,64514.52516136232
2107,193178.4913937391
2108,114948.39269775232
2109,109244.5938694064
2110,129826.72010756974
2111,144390.5850683645
2112,139667.19391534003
2113,125536.09993819323
2114,126687.01427105517
2115,165123.18244184105
2116,115083.8718282914
2117,150440.77858092368
2118,123317.59242424445
2119,114871.58240064597
2120,116764.5844279399
2121,86383.9199958582
2122,113997.59819329261
2123,82881.57923699771
2124,159694.46929387632
2125,129320.8866866712
2126,151367.6264522766
2127,167305.7955197316
2128,130632.39886920262
2129,94025.84136528592
2130,135228.78975268296
2131,150790.68270788723
2132,119371.01787677569
2133,121490.7409146791
2134,123695.35959105149
2135,93231.34561867997
2136,80361.17900763096
2137,107211.12790076692
2138,136310.3831280005
2139,152695.15736901105
2140,141710.01310971516
2141,154144.6087799348
2142,125918.70272747242
2143,144086.40750093688
2144,126651.51616195083
2145,140239.77450714578
2146,167991.25197907825
2147,145295.97514740183
2148,139037.78572751343
2149,153316.98496272438
2150,225082.01617945777
2151,120477.6514655726
2152,167471.0322962482
2153,167375.6565874895
2154,105543.40987158075
2155,143556.04119836717
2156,256499.17403785922
2157,225479.96733174057
2158,234990.26874017346
2159,213558.72488028466
2160,189380.27828891086
2161,243417.22732657118
2162,371964.0747429539
2163,335472.8583283998
2164,245324.29233314193
2165,197961.36347908917
2166,152868.05402810176
2167,213036.48489830544
2168,195888.94325348333
2169,198466.32701796255
2170,221628.02129093517
2171,153613.05520570188
2172,133932.67348561113
2173,161435.79613517207
2174,226129.63444838283
2175,290716.0732220124
2176,290204.4354265404
2177,236804.09260350454
2178,218302.02440978313
2179,136767.46867974885
2180,206930.7911351841
2181,197904.36381533652
2182,228387.10094198902
2183,194172.7242565752
2184,119773.55455023888
2185,127631.99349659319
2186,145164.14144389544
2187,156818.02349662423
2188,160425.40701778122
2189,261791.93622379313
2190,81445.9718621705
2191,79670.64988708183
2192,90745.98245514039
2193,111875.83544601811
2194,103754.84387677845
2195,108398.29889182092
2196,105281.71277710365
2197,118514.58395511123
2198,152888.1835907504
2199,170681.3221967345
2200,152583.23071849087
2201,148767.39328922247
2202,214684.7635381276
2203,144639.99991825756
2204,177582.43825262133
2205,124115.88860813396
2206,141100.60876304843
2207,226038.66038579357
2208,270208.54375074717
2209,240608.2625593554
2210,119196.90429392549
2211,117272.65064463546
2212,119980.53139704851
2213,106790.83212263178
2214,129678.82656289707
2215,100124.71497260133
2216,151724.96177824147
2217,63834.03361526627
2218,68219.32895829354
2219,62111.94226724636
2220,61600.34751732887
2221,287745.69422955177
2222,260266.92257075795
2223,281209.6254202331
2224,213203.07893472057
2225,120772.33302521997
2226,181352.74437309586
2227,198183.69091197706
2228,258780.17932299056
2229,261636.84008163973
2230,147188.15551658903
2231,218862.71829920827
2232,174254.69529620832
2233,185896.2693590987
2234,235831.1043287632
2235,213453.59589317976
2236,264473.1916339213
2237,304090.0996661774
2238,197095.454353415
2239,113931.39155907139
2240,152688.41743133872
2241,152687.8773509656
2242,123812.37718787653
2243,129991.6610758154
2244,108110.66872096661
2245,99405.0041125303
2246,147802.38167711324
2247,115270.47498244098
2248,118915.65794164062
2249,119079.42340428145
2250,127263.03371773087
2251,113462.48516994949
2252,182554.18677909442
2253,151886.98154716063
2254,176860.79913803312
2255,182543.1129539326
2256,180897.29750157666
2257,202087.1328551066
2258,160285.338710307
2259,170056.91019244102
2260,153908.88772612155
2261,191065.44819908577
2262,215138.01519620334
2263,354645.45094585716
2264,509985.5098166429
2265,169661.02255983034
2266,290865.2391537324
2267,354344.30411267176
2268,413668.5682851622
2269,150332.67614703582
2270,198575.3234952407
2271,219384.57041945032
2272,200137.388535015
2273,163407.19449237428
2274,176323.8797092696
2275,162580.98245835686
2276,187627.2359597432
2277,182437.09028533052
2278,146059.55401693538
2279,123469.18516043389
2280,119030.30552316734
2281,170054.49714586887
2282,191703.8129776466
2283,110444.37790243363
2284,115828.9954795682
2285,138686.35808811325
2286,122710.79546065527
2287,354593.2936785806
2288,278510.57081954065
2289,365530.46613823716
2290,434308.9960182319
2291,318902.47678554594
2292,407209.8214460489
2293,463509.6789524649
2294,374407.4222644677
2295,478321.64357800235
2296,293266.7637758902
2297,330185.5039383575
2298,321073.57020283357
2299,350473.4967064299
2300,324020.24192969344
2301,305592.0880299251
2302,251822.48418111695
2303,249413.6711169128
2304,260287.9087833287
2305,206794.63850785128
2306,197379.88967249586
2307,205613.80871665486
2308,231747.8075861643
2309,273879.38977496146
2310,219109.21612048888
2311,206527.9031639735
2312,181340.86736141815
2313,174285.5550482996
2314,186177.09390635544
2315,183204.2150754338
2316,201662.147667133
2317,193303.73590195374
2318,187522.74349576613
2319,188638.96723117822
2320,187403.9200276885
2321,233482.11132755017
2322,183731.57933432513
2323,190831.77843532633
2324,181256.21586250767
2325,222610.73396817825
2326,176405.33109479066
2327,204105.36853854673
2328,222333.57086432417
2329,190491.1394197237
2330,177974.58155855624
2331,347604.9392025495
2332,375095.29991207196
2333,316670.9148740501
2334,252959.35335811513
2335,271739.4379015898
2336,304028.23758707865
2337,200338.7683703834
2338,264901.0567804331
2339,218723.87964918432
2340,386300.7203877388
2341,211594.54340994506
2342,232486.82064793745
2343,225607.34195350352
2344,212014.39369331877
2345,233701.3208251779
2346,216211.5995992921
2347,199873.74734107286
2348,249224.51229891644
2349,177716.4382155327
2350,305133.09228130005
2351,256028.87181777257
2352,256563.77156277414
2353,240431.664808848
2354,139629.2090744913
2355,147305.14569870496
2356,152698.33733207965
2357,189657.93436123268
2358,197199.26801556523
2359,133774.5328100482
2360,114269.54842484646
2361,142524.41727079605
2362,269404.6398663863
2363,132511.7685706646
2364,156764.43574230676
2365,221960.06318343413
2366,193739.65945991597
2367,228318.80891948083
2368,209995.91325311118
2369,222138.85907078482
2370,161063.22376691384
2371,164375.44639606075
2372,188729.77987248098
2373,268073.4273513296
2374,306928.5019577403
2375,246459.80035954245
2376,281243.63316663064
2377,342054.1987661665
2378,143217.48342124294
2379,200162.57553630567
2380,151208.15152311715
2381,164764.71030985628
2382,202969.86290921428
2383,204026.6268609953
2384,242423.5513506315
2385,157745.4919235196
2386,132216.1274942383
2387,135913.27110331831
2388,100790.39316973643
2389,123133.76611842615
2390,143560.092436617
2391,141347.24486466256
2392,112056.94423406209
2393,164843.8243072699
2394,139039.0085378536
2395,206179.67912288933
2396,144495.19855510694
2397,226333.61823482648
2398,129073.98891674771
2399,69532.24223729828
2400,68086.98597624374
2401,116840.91003500468
2402,136932.0665091773
2403,147298.90999613583
2404,153030.7239114005
2405,160665.48385946
2406,137728.68173176484
2407,118968.43379907346
2408,144910.73159017458
2409,119574.76876238978
2410,175512.23308283102
2411,112798.71500263811
2412,155391.3941004879
2413,130865.69435147001
2414,156198.4583700381
2415,136946.31173519246
2416,126916.53846080012
2417,129511.33537786605
2418,130957.54753062961
2419,125735.24859222671
2420,119189.08162294747
2421,145883.9577769307
2422,107704.26565170374
2423,112088.87494003272
2424,166850.02044833222
2425,200180.56975099794
2426,125264.82842912398
2427,137580.45069316044
2428,176192.90399676576
2429,110615.07537839751
2430,132293.7558427114
2431,109138.20538645994
2432,145584.8139794796
2433,141811.6929542728
2434,138194.72522429828
2435,153136.68750402826
2436,102625.03458045294
2437,103807.66755762997
2438,119359.4817630076
2439,102908.3560754853
2440,126775.95732664767
2441,91697.40248656349
2442,96449.59102498477
2443,125304.86871591352
2444,134251.80087737995
2445,92854.03581178443
2446,132027.626764632
2447,187872.78896136273
2448,131425.7613508786
2449,115748.63638199987
2450,154882.91814296087
2451,129687.17571576961
2452,188389.87872586335
2453,92820.32230765247
2454,111270.61640065654
2455,116948.52217138716
2456,134332.7765699483
2457,129752.35407507901
2458,131141.70739339947
2459,107247.27083040077
2460,141403.300031881
2461,130219.67114026146
2462,132098.17920294832
2463,128370.46456759077
2464,173136.83828768774
2465,145831.63388317215
2466,114375.74722205517
2467,138840.34594068406
2468,89399.45157311486
2469,88881.71750741426
2470,190199.92154089498
2471,216679.8647408558
2472,169553.40347755613
2473,113471.96255112467
2474,81771.17882497993
2475,219303.67217351458
2476,117170.19344748436
2477,126540.61844165566
2478,159084.16877226546
2479,110078.3913465936
2480,150358.45290853272
2481,122689.28407622856
2482,127858.32949009656
2483,111495.65245126207
2484,121828.95746201016
2485,125591.77079284425
2486,153990.99381670996
2487,161735.47310679773
2488,163099.564724292
2489,154894.36724863664
2490,141803.52745474566
2491,87201.65867886778
2492,188323.549605036
2493,159933.57480475874
2494,150330.54181171057
2495,93444.92775294723
2496,239354.47798062826
2497,160138.69806207926
2498,106159.9418038859
2499,86286.57899466589
2500,122392.96328827443
2501,138814.66986648488
2502,147764.45274048523
2503,100155.83509188685
2504,172825.97909435284
2505,223983.39980075235
2506,260570.86585135674
2507,298197.59222333157
2508,261382.4006882165
2509,221054.37101154902
2510,219994.76155085032
2511,173557.25589109454
2512,204466.09655793777
2513,224221.44956217697
2514,264228.3786139623
2515,147564.101118971
2516,176688.70926056552
2517,144892.35558000754
2518,151034.76881790117
2519,230038.5480603042
2520,213439.4692764886
2521,188942.3922580485
2522,223500.92252356382
2523,119877.46220610362
2524,134828.4021634778
2525,144272.18121390705
2526,138111.76018536097
2527,121003.1653167048
2528,122997.27659220627
2529,131834.15500756112
2530,126438.58737303513
2531,244102.18603752353
2532,227292.95847470377
2533,193839.8506831186
2534,234982.21044377447
2535,295239.2781328077
2536,230490.086890975
2537,234388.69447182392
2538,187594.44337022447
2539,189758.0794021851
2540,183714.05760037128
2541,181643.98908527225
2542,164305.74539936284
2543,121772.99811763283
2544,122264.46905278081
2545,141824.23291631712
2546,131259.8853593788
2547,144077.2276211562
2548,148764.47579630328
2549,158349.16060623882
2550,916100.8594221903
2551,145833.46762440985
2552,125106.79470297371
2553,73949.82024741812
2554,96732.66981986788
2555,118047.54918071395
2556,97456.99077190961
2557,104940.76479538456
2558,141064.62254551254
2559,144165.45885256273
2560,149762.20019949475
2561,148141.6924375502
2562,141245.940985024
2563,149728.5063805777
2564,192102.00579625083
2565,130346.04288650646
2566,160171.96869203408
2567,144350.97711236047
2568,206830.39109573624
2569,224222.63314016644
2570,119133.35330809368
2571,196648.75096948256
2572,151798.5005025113
2573,233181.34082887488
2574,286903.1634092999
2575,137489.96846140566
2576,117846.12106755008
2577,140464.07185191452
2578,83918.60212256109
2579,61875.90107724979
2580,82485.47365613916
2581,88318.06528533033
2582,94264.96074082128
2583,279968.64064706734
2584,179554.1725244268
2585,191128.11050763435
2586,223802.89939487755
2587,198767.8832517853
2588,148316.831530311
2589,150535.00815516073
2590,205434.43443348556
2591,222165.60602372282
2592,218679.8904893576
2593,254826.52692040053
2594,184614.620121532
2595,196983.32846732324
2596,290205.5835900924
2597,178777.79381708108
2598,273917.7179707732
2599,336528.58965965005
2600,143513.07256895676
2601,141922.3195044937
2602,87316.30671038812
2603,96405.04035661789
2604,91300.39869080586
2605,84152.43680357016
2606,148450.75247698053
2607,196009.75677473628
2608,197497.61760018131
2609,172128.1116349575
2610,109507.6170394452
2611,134103.16761525025
2612,157987.67858314744
2613,126918.88781530832
2614,121403.62403214407
2615,154691.7948218506
2616,146088.13495018127
2617,185339.47759631946
2618,208174.1246388883
2619,204438.4647191866
2620,180932.8596460878
2621,173276.17664743974
2622,178520.0663515283
2623,241507.0269919083
2624,313975.6936578587
2625,303319.8252546271
2626,168061.57955746466
2627,164626.44590176095
2628,435195.79020769516
2629,477446.3296744556
2630,363112.417052972
2631,467347.4390274715
2632,390846.04382431135
2633,298836.89417126833
2634,393815.56838377245
2635,160900.41729524368
2636,174489.23055781412
2637,169889.572897809
2638,266664.68020505697
2639,186884.5546278684
2640,146860.80738285618
2641,103129.99817018457
2642,195411.2706064469
2643,107517.78778599146
2644,125340.37125442608
2645,111827.03626256692
2646,98043.03820188998
2647,106712.41544265303
2648,139667.4048962746
2649,151900.29860034716
2650,135602.86127266655
2651,139499.13967051668
2652,398540.1615797619
2653,259269.2787049623
2654,259915.6250101124
2655,369885.2709105555
2656,322314.73798621324
2657,344037.47026296536
2658,300197.45090038545
2659,298271.6640131296
2660,358764.70657571056
2661,345463.6017171355
2662,339575.52816438384
2663,288958.1757192833
2664,263723.8887296549
2665,316982.5813679864
2666,284706.16211805283
2667,175895.02710026837
2668,185000.97492130028
2669,188797.09936797767
2670,281174.13806792424
2671,190122.83628193842
2672,200526.75175957754
2673,200499.11708807736
2674,194231.28312180526
2675,171920.26891837906
2676,196704.98877274053
2677,196319.32825551505
2678,247984.36402010082
2679,273402.62751466205
2680,286534.61325036973
2681,371815.79021040554
2682,309760.66889723804
2683,453622.4013440838
2684,311657.2800511732
2685,317802.474945868
2686,254049.62340109047
2687,292042.2592832499
2688,218723.67354696753
2689,209950.47334588759
2690,395690.68027211935
2691,187168.07653732575
2692,142543.32042502463
2693,206757.89814741153
2694,142499.6322646598
2695,190906.78609267742
2696,182546.19468658982
2697,181707.94756032783
2698,188573.5709890946
2699,178710.40393876834
2700,160093.86514938014
2701,153885.62121027472
2702,115058.93532151071
2703,125526.6125305318
2704,141026.30270669004
2705,115071.50301958981
2706,109675.85659331677
2707,121412.00478699415
2708,128833.26335240698
2709,103926.17261333171
2710,123231.15150178157
2711,261526.54164692314
2712,349801.5291004384
2713,168856.96324030406
2714,150436.2206710064
2715,166360.08509091823
2716,147162.45703855195
2717,190693.9346118713
2718,217385.22960837485
2719,153364.91308785722
2720,172486.622261359
2721,130241.60197812873
2722,165496.51561269705
2723,145419.9316675125
2724,123425.23630111426
2725,126649.33048830541
2726,150531.96488972113
2727,184107.27148274737
2728,178716.53213334247
2729,147520.71541371164
2730,147480.72034329176
2731,125679.01774285715
2732,131028.9532750007
2733,159209.1050870425
2734,155836.14680265525
2735,134279.27747302025
2736,139520.59076289186
2737,116781.70161601408
2738,139629.70881316013
2739,158352.5468746055
2740,132633.15507593125
2741,144746.93092347047
2742,155195.35857019803
2743,155482.39802916438
2744,157510.13352073956
2745,143717.0876948841
2746,133223.39043242173
2747,147366.5465787268
2748,124530.91793099557
2749,126292.53724913273
2750,130904.33916102252
2751,129806.88989192806
2752,198710.58194131465
2753,152035.68280739177
2754,206351.38538880704
2755,137038.05914476333
2756,96392.839622647
2757,72844.4210747374
2758,85302.8994032633
2759,159423.13761078485
2760,120252.62249644373
2761,141836.8270534942
2762,140146.37784413484
2763,182198.5655463839
2764,145403.8357339841
2765,275973.25106302195
2766,125836.8828279405
2767,85403.28651738033
2768,129569.25597911855
2769,129548.10211669249
2770,137517.87766069476
2771,103554.76574884832
2772,109316.91880821972
2773,159196.37737746065
2774,147405.19259418795
2775,116716.9493710199
2776,148581.20084292875
2777,149322.72731410363
2778,109891.0614535869
2779,120234.38343110336
2780,101493.47312284695
2781,93858.21689802008
2782,96076.37310128433
2783,98097.63379146968
2784,123906.7736057926
2785,136622.90107331082
2786,66120.16815950938
2787,126778.79860212945
2788,75278.95123830816
2789,165200.5664930179
2790,95655.60494999433
2791,113483.79867260161
2792,51331.64314619583
2793,146015.1280727537
2794,97520.74543093305
2795,122169.39799717387
2796,97026.2786375758
2797,212799.85212335328
2798,102026.16384304111
2799,114265.74391205065
2800,75711.04121920069
2801,106155.03620609351
2802,133811.90495239024
2803,172901.72160256363
2804,129736.54663487247
2805,96829.80540665679
2806,86718.29306701511
2807,157504.51081385105
2808,143994.99962550128
2809,133527.8431093261
2810,124713.48212856155
2811,155737.73076860825
2812,155614.9947032928
2813,163748.49037210125
2814,166532.57581433113
2815,92671.17903941874
2816,234572.66190419573
2817,148491.07613967516
2818,131741.02336110218
2819,170975.07742596217
2820,137771.65677519064
2821,104945.07862260987
2822,190302.25605801417
2823,325855.40323291835
2824,170725.29301008314
2825,138501.7843746941
2826,136115.97639024316
2827,144125.3277674787
2828,218630.83829736273
2829,217822.49347894342
2830,236792.96281495783
2831,175560.73206229467
2832,250128.37806961942
2833,283136.52121136285
2834,223478.87195145944
2835,223295.60622621636
2836,192696.93484403632
2837,164126.25400219625
2838,146580.44942496938
2839,173059.10897202976
2840,199890.99412104982
2841,203882.30752791697
2842,232192.77793973708
2843,152408.2520514938
2844,169903.48042778272
2845,123843.91372059609
2846,209123.79666851924
2847,201585.8630511546
2848,218066.52613443957
2849,199220.21547571
2850,278273.5903689296
2851,220633.22453784337
2852,235392.57734753485
2853,238214.51813751974
2854,139023.7875393323
2855,200247.44796069636
2856,206508.86665170788
2857,190577.59662475737
2858,210437.20271770403
2859,122862.61758044499
2860,131933.10391856637
2861,132746.20278043378
2862,195348.125701175
2863,132927.86014686245
2864,236384.10604621843
2865,147272.74193687184
2866,145860.53793410258
2867,100295.94668177025
2868,104349.57930030543
2869,103822.74122097033
2870,127545.4736528232
2871,89007.00407818412
2872,54600.23700001256
2873,104132.82999195973
2874,133495.67339889923
2875,123650.10765887758
2876,165410.47602156553
2877,144240.51894154973
2878,166124.9357773771
2879,137357.90605816816
2880,106880.83526768269
2881,148462.4358454705
2882,174954.0978027025
2883,195404.17833737045
2884,197645.5109988102
2885,185345.3260758849
2886,231141.24218667237
2887,101386.95781262899
2888,142016.05630932734
2889,63076.941797205145
2890,77027.10638709094
2891,142840.87996576863
2892,41356.488928849285
2893,68818.2610099193
2894,52638.481323392945
2895,313455.40161442506
2896,269019.1169901852
2897,206004.81686625644
2898,154198.90173994945
2899,205702.87829411728
2900,160939.28825630355
2901,215788.62597994838
2902,184909.88572511106
2903,320791.3734665353
2904,331251.6524037434
2905,83824.20712464796
2906,191961.20336593044
2907,112934.84050177645
2908,127675.0926292318
2909,159054.84254245338
2910,78145.44201006646
2911,87380.68184278996
2912,150242.62014656968
2913,84760.66411247446
2914,81463.56695488181
2915,88599.1827056312
2916,85728.29241212289
2917,164875.42027139894
2918,120693.28337825279
2919,227822.0950344216
