Id,SalePrice
1461,121423.78661994028
1462,150852.9829430682
1463,175991.71664051936
1464,187449.6164249079
1465,194877.21745911698
1466,180788.0425133903
1467,169193.45887219434
1468,174953.73993199595
1469,174499.24351255115
1470,127719.47923141938
1471,201066.92004012127
1472,95746.07923156576
1473,100514.54917544096
1474,157792.45428250302
1475,120085.11549472333
1476,391101.90223500953
1477,248639.17802790814
1478,312687.4109506733
1479,266056.9913219546
1480,436246.4193945024
1481,310888.94036360097
1482,208593.07917893206
1483,182217.96195274117
1484,175550.54210202486
1485,178708.045649632
1486,197514.72654619155
1487,315419.83419580176
1488,228521.07362438267
1489,202775.58958226957
1490,209794.1151348446
1491,193650.70317628182
1492,84643.98184456455
1493,171011.0667033824
1494,298584.06737011677
1495,297331.7231153826
1496,224813.28880229715
1497,180854.06092350578
1498,160174.3602855163
1499,155041.24728476277
1500,166777.35884778277
1501,171283.558106105
1502,166592.21501099868
1503,280965.88449850865
1504,234860.31137412085
1505,212588.52118560104
1506,170814.93970164796
1507,232370.51017792086
1508,183369.6566082349
1509,159786.30407051955
1510,149060.38872922768
1511,147091.13626180208
1512,161770.60548539538
1513,144430.39623628388
1514,138049.46336260255
1515,186338.82404202965
1516,153365.8083562995
1517,149016.87688197146
1518,134275.85793278232
1519,217197.0920272188
1520,140519.7979532709
1521,140772.61087500016
1522,161171.5806977429
1523,118815.27401233165
1524,124433.22461063786
1525,123019.86210643622
1526,125752.04176434998
1527,102186.48270391306
1528,126408.5550085014
1529,142269.3867104684
1530,167590.2918937616
1531,135224.8726662982
1532,104473.99439943231
1533,137769.85075442196
1534,118874.62795590577
1535,139030.21824139965
1536,113601.65689709975
1537,88048.29111543018
1538,148235.49497234184
1539,184715.33270471854
1540,103280.15529472243
1541,134449.98783357392
1542,129066.37255819798
1543,173584.0496546975
1544,84467.04133149392
1545,107156.42560902651
1546,133830.71330367602
1547,134554.93676180104
1548,120273.17725015692
1549,117995.5985217706
1550,140069.75002745577
1551,115880.5854521147
1552,140804.1175348188
1553,131155.87779255488
1554,124959.71270050337
1555,164500.24858444062
1556,100836.96854097338
1557,101963.87748395887
1558,100485.22352260114
1559,85727.19311517631
1560,148691.28773597482
1561,121313.76329330212
1562,131466.23037771368
1563,129685.06150711184
1564,159160.67830557184
1565,153871.76757911127
1566,218982.48765904093
1567,79785.72640304324
1568,222505.35378077292
1569,139994.42074623294
1570,140043.0561682324
1571,124750.31456612387
1572,138641.39961970624
1573,220019.56049757786
1574,121957.82315813805
1575,220107.16408063984
1576,227549.01144864855
1577,195543.68216220252
1578,143778.02987677208
1579,143940.16860978885
1580,187872.0084147355
1581,137144.96207837955
1582,131300.1332761528
1583,303036.68579955696
1584,231134.2840915619
1585,139993.60952638948
1586,75788.26330804754
1587,110427.00681944445
1588,141935.77480589342
1589,92518.20080633156
1590,131194.75660725575
1591,105528.19793788432
1592,115242.02055473163
1593,125849.29437828144
1594,119641.96368173782
1595,119057.79301941267
1596,213830.0996484974
1597,154705.21156518365
1598,188872.7539032903
1599,183009.6508848065
1600,187906.8519039614
1601,86180.54363499412
1602,114205.67135447163
1603,89282.64865269828
1604,282314.9457128183
1605,261555.01505974206
1606,167944.7095152636
1607,152535.22406704433
1608,221925.81883682395
1609,193463.4067451447
1610,166894.35366624006
1611,150419.67677276168
1612,176131.58921496445
1613,166490.07882123027
1614,113765.63012073746
1615,89449.3970979582
1616,87079.69346528302
1617,86353.51002155391
1618,125613.11893255728
1619,134636.6816728317
1620,153424.94691013047
1621,144608.4610288851
1622,141918.37235503737
1623,258628.25130760224
1624,212518.21005474092
1625,123578.78092757573
1626,171996.69508114923
1627,185110.92688236453
1628,275652.9246936759
1629,177803.26752608732
1630,303988.9305411847
1631,195524.24756409103
1632,234068.16309800366
1633,176639.21709341437
1634,188797.87158118986
1635,181659.2789541517
1636,169824.1136338892
1637,183539.6006537099
1638,200290.9888820208
1639,181406.9987860609
1640,232294.84595432822
1641,181314.2614244628
1642,240514.37086364662
1643,230054.26567311745
1644,231068.215391345
1645,182125.72586947004
1646,159876.04703536388
1647,164960.12742605514
1648,138988.37873119916
1649,140652.94803759785
1650,123092.37978354169
1651,125098.75016311744
1652,97315.565271158
1653,99452.82518739869
1654,153182.79440468785
1655,146328.369032354
1656,149639.91606432563
1657,151047.39932914363
1658,159392.96380021295
1659,126549.02558081325
1660,156714.23640145917
1661,431092.2626027286
1662,368248.33321695577
1663,351943.29988093354
1664,446361.040403196
1665,314325.609312379
1666,318086.8295980005
1667,363892.341388434
1668,340032.6920646404
1669,302669.8912341361
1670,340532.24220712436
1671,244210.28437418272
1672,394367.5833840245
1673,298292.45741092594
1674,254056.6395276112
1675,194050.83968507196
1676,194673.40044838405
1677,210353.9821723594
1678,422000.0653269999
1679,357571.01715883566
1680,319495.82128387695
1681,265031.36375890364
1682,306114.304686687
1683,193197.54882617455
1684,174991.41108461982
1685,176757.47364264657
1686,173809.10306955726
1687,173155.0815269589
1688,192975.77653489367
1689,189488.19876898642
1690,186359.73146369055
1691,182925.2799472277
1692,279785.61862947413
1693,175057.7141565976
1694,183667.94679413317
1695,170101.00769691324
1696,267994.17445831734
1697,171016.23096963737
1698,318831.32814710645
1699,326259.78983747365
1700,248280.39875485213
1701,264379.8779304737
1702,245775.25119001893
1703,248664.5403539302
1704,277374.726624922
1705,241915.00953369704
1706,416551.22486753593
1707,220424.57345142253
1708,205079.27043542973
1709,267916.9511303884
1710,223387.65383875323
1711,287911.3713504208
1712,250637.2101458738
1713,265241.5753003732
1714,212467.13650960632
1715,208284.11915884793
1716,169989.6363105205
1717,165799.52768606524
1718,131147.71443669856
1719,207516.54168565455
1720,238618.7483153259
1721,162388.65454058576
1722,126297.51244764416
1723,158478.99696356998
1724,204783.4549609137
1725,229336.28766248812
1726,190729.93092560812
1727,176167.3149042038
1728,187991.04934743638
1729,169299.83652502802
1730,157524.30722177157
1731,127567.24749905076
1732,132803.06894609946
1733,121801.90991714069
1734,131104.2257333845
1735,133948.00920294877
1736,122642.21039072608
1737,300851.7143321307
1738,222032.41720991203
1739,247252.07634436357
1740,206227.18638282974
1741,182990.79329471567
1742,170614.8447654649
1743,171510.23223223086
1744,283718.1898208867
1745,201852.86262844116
1746,230994.1450138932
1747,215896.70738506105
1748,212470.67059868496
1749,165816.84781164475
1750,137063.33919704027
1751,215001.0364523011
1752,121190.88493332008
1753,139296.81525082843
1754,192051.45649057112
1755,170574.16863787407
1756,125159.97337916719
1757,122478.13405080426
1758,151794.9583764718
1759,162720.58224460162
1760,164075.8656304696
1761,147855.02379954373
1762,184074.49337917718
1763,164479.6636392983
1764,125509.2383548273
1765,147232.87967560187
1766,167247.97090737734
1767,192249.58111489215
1768,141864.82094336228
1769,163180.6205052558
1770,151146.52897306983
1771,132622.86617638826
1772,138058.86029776657
1773,139737.69486898978
1774,134300.06743530254
1775,139368.44732214772
1776,127309.68883737123
1777,113734.68281048813
1778,138848.76250418296
1779,122850.59600026642
1780,166306.31718221842
1781,132972.1507785215
1782,107336.6553329036
1783,143871.85724151004
1784,115378.15442501543
1785,109902.45931467801
1786,154758.42300392463
1787,164148.350318905
1788,75894.5623440732
1789,93553.43693937513
1790,93275.03608257501
1791,164503.44000424672
1792,150238.34881160845
1793,143874.6121813132
1794,143086.47367030077
1795,136021.9334381558
1796,137354.6934853761
1797,111810.4250722057
1798,126586.38670342547
1799,122607.35789104403
1800,135833.55466151773
1801,122756.20255299278
1802,131243.76066193474
1803,155004.02358821317
1804,142050.15866673764
1805,138396.24288919935
1806,123362.1674260792
1807,125921.20257583438
1808,126006.20827043187
1809,122127.14050856332
1810,145678.30229389772
1811,103488.8842944943
1812,97906.36552495841
1813,116349.95198636367
1814,97769.05918883247
1815,65684.67193149669
1816,104831.29729803264
1817,130943.93865200064
1818,135502.94990744255
1819,134535.96944143996
1820,93307.69703435813
1821,117708.29216336024
1822,144039.81552754214
1823,55354.977099241165
1824,124124.92535558435
1825,143707.2887030313
1826,112520.33840744662
1827,104059.46269003938
1828,131195.10622627893
1829,108969.13552669928
1830,134214.4951716773
1831,138605.27172438437
1832,108444.84803534835
1833,135866.0390628974
1834,129460.50832923304
1835,129655.98120916581
1836,118445.73854648172
1837,104769.10307589227
1838,123960.16250399176
1839,106517.58690562067
1840,160498.75533672367
1841,141402.41008919934
1842,106793.15004606008
1843,137135.74774260249
1844,145286.02619450705
1845,147773.15340906454
1846,155495.65164144489
1847,157246.8935333518
1848,70010.06697961211
1849,115677.70725209815
1850,130414.94731578349
1851,152608.90588615122
1852,126922.19956831589
1853,147861.2546925056
1854,171482.07445500337
1855,166987.5248353318
1856,225998.75375773857
1857,163109.80902585425
1858,136284.93350784457
1859,120950.48665543855
1860,155920.369232328
1861,120490.8124474324
1862,231886.0156210592
1863,228018.8477181803
1864,228018.8477181803
1865,364792.6979671817
1866,334584.6347881824
1867,237193.96338986335
1868,282091.0980684962
1869,196458.3082825925
1870,238938.4887695857
1871,261297.48111051798
1872,174738.624189163
1873,238380.2771497666
1874,134322.54186733215
1875,193702.20057293127
1876,193692.44718327536
1877,210441.37982834276
1878,205434.88362361744
1879,128030.49240692434
1880,135586.08155973506
1881,238757.0841765571
1882,251650.7223640129
1883,194264.60906637972
1884,205343.84687555148
1885,244137.1267236602
1886,280220.9998218288
1887,204472.11887700402
1888,273679.1358664125
1889,172921.06054696554
1890,125895.3363550797
1891,136838.729198231
1892,110418.04432439391
1893,132653.86647963355
1894,129384.14509432766
1895,141788.5078243523
1896,129267.05900051663
1897,129173.18820689368
1898,137014.1288688298
1899,148260.49398431502
1900,148618.93291455344
1901,161374.1693329113
1902,136779.10617740036
1903,193353.27134276152
1904,141971.5020305272
1905,188017.45345227091
1906,136136.86056124786
1907,185718.6476184703
1908,121575.23860960687
1909,140756.05956520975
1910,128858.95405428269
1911,195187.79813367696
1912,270661.60289632116
1913,131904.68405040653
1914,59918.08210637385
1915,327017.85029826104
1916,69375.26024430964
1917,258033.8250453547
1918,134719.73008118756
1919,162502.3607208609
1920,152615.65596184434
1921,370247.9167098943
1922,324999.42016521766
1923,207181.99558312495
1924,209209.3404412618
1925,213423.72404930837
1926,362183.91671300825
1927,135455.7525287615
1928,159554.17784991933
1929,125088.27250847833
1930,139275.85418410748
1931,139169.7773760703
1932,145994.90254262148
1933,177969.99247623718
1934,178859.14194141264
1935,177217.65369909263
1936,184832.29027284906
1937,182781.37667852372
1938,172652.00575063954
1939,264602.46380070905
1940,194423.6781664637
1941,168031.61857960068
1942,193216.72335996816
1943,205908.0940814701
1944,337814.32312386215
1945,366663.31146711716
1946,159932.28237042026
1947,304949.92443804524
1948,147206.4067224696
1949,233966.79895233075
1950,175029.45165543162
1951,239992.04620519275
1952,221156.84315931247
1953,173648.98230183063
1954,193766.6286479718
1955,139307.38277328043
1956,272832.31530264794
1957,163897.01088231732
1958,298647.83576627134
1959,140074.88979885378
1960,117244.04370520005
1961,126841.15401351603
1962,94967.70789666742
1963,98965.17414189527
1964,112626.27222925848
1965,144990.9046021502
1966,144203.0058321827
1967,303657.8368273013
1968,374045.16689685924
1969,358193.57335778914
1970,396930.5321420452
1971,416858.78355397435
1972,359900.0355543339
1973,287914.47410526423
1974,334483.1205725258
1975,422481.1470632374
1976,279256.1744166107
1977,337241.9726545778
1978,330074.9800824
1979,335649.9933595743
1980,196688.69664453415
1981,342038.422493343
1982,237874.63597717235
1983,224187.21728990393
1984,167620.08547096964
1985,222852.4022775113
1986,213004.79711022275
1987,177059.1181126086
1988,178295.3011964247
1989,194689.98223108918
1990,218477.86250764676
1991,215187.2531825169
1992,210655.71435913444
1993,175670.09132978795
1994,221198.88109334972
1995,180495.21114322008
1996,257512.4219554265
1997,327242.41923110903
1998,324416.6180341618
1999,253595.1092413058
2000,294531.6541412536
2001,284472.9602470042
2002,249112.5808081346
2003,263093.00503980665
2004,272065.23326407373
2005,237935.5744815573
2006,215744.45763289428
2007,247246.83006962825
2008,203665.89323284678
2009,196815.28959721446
2010,191920.1951200676
2011,137940.32206412635
2012,177777.70731450527
2013,184535.73904363203
2014,191958.17583173802
2015,198185.87649787826
2016,197336.04063825437
2017,199079.1840886614
2018,132567.28746444284
2019,134258.88388885828
2020,113682.52956631542
2021,119923.22145893122
2022,174444.33355641153
2023,148620.09140832225
2024,243818.78934892526
2025,320207.27125299
2026,185154.59562407018
2027,160502.73171864465
2028,152131.349062802
2029,170293.46324402798
2030,274347.6297103814
2031,236491.86028551983
2032,256132.2282646891
2033,258625.58146948734
2034,168566.62268907638
2035,198446.68026591258
2036,179551.52841643017
2037,181380.4358148702
2038,285687.7080606143
2039,217336.06123464854
2040,318523.32409304945
2041,262461.07206284214
2042,201873.65506118425
2043,163178.11188195972
2044,158679.0709086871
2045,201374.55204544205
2046,132933.92714680283
2047,148404.75987512112
2048,137001.0466209896
2049,133715.04198068415
2050,171051.72772320607
2051,112668.26245491419
2052,133274.69591254243
2053,140849.95430622247
2054,106133.78759514696
2055,154039.03985690966
2056,145140.69436650124
2057,129661.75822270206
2058,211629.52020770326
2059,145830.01700148065
2060,154842.3418906698
2061,159529.82513753328
2062,136177.7598590883
2063,122748.09679878278
2064,137499.3207000777
2065,103595.29004356991
2066,179566.48313727262
2067,137857.28477232778
2068,130784.06667505551
2069,83594.24291474257
2070,113665.13057413683
2071,103303.89803808843
2072,138008.52872681813
2073,144571.24566427164
2074,169159.29069987137
2075,138673.07523692498
2076,124059.22946865606
2077,145891.24696486647
2078,130310.52378347979
2079,134428.76458600358
2080,119080.21075819254
2081,126214.72375922324
2082,125693.38897512249
2083,136464.36161443626
2084,114207.10631434772
2085,128466.70898980713
2086,110853.16541368807
2087,122438.57288994438
2088,100341.57765190065
2089,96308.33651335805
2090,131061.51875336263
2091,113501.79745673027
2092,122941.11784478647
2093,118499.20443152709
2094,122596.1792361513
2095,146182.31861943103
2096,87147.07590691389
2097,103898.55342969384
2098,132851.99912289513
2099,63654.81489740203
2100,104737.9401103861
2101,112721.63190994086
2102,123678.09641927952
2103,113092.88636732339
2104,127433.43010877132
2105,123187.4412485587
2106,78704.08618214187
2107,184293.01945179253
2108,116841.54710968769
2109,113859.48419919168
2110,122682.23669249396
2111,131590.69646146143
2112,140584.43345203734
2113,120379.35033513843
2114,119233.02369731553
2115,147286.22033283897
2116,115810.78148771483
2117,134818.84024806484
2118,129308.1648963288
2119,114620.95719054392
2120,122122.65190337661
2121,96978.05191621943
2122,110780.02946707094
2123,88562.41107727525
2124,155509.451427694
2125,129175.36643193472
2126,152933.8099990462
2127,145418.62104470108
2128,127368.30748190681
2129,104234.15246011052
2130,125091.3297755665
2131,150917.77856326138
2132,116612.28227974218
2133,112572.21787877049
2134,130252.687186188
2135,99732.16338445873
2136,90978.37673741933
2137,111200.51881694156
2138,135665.52110030624
2139,150488.36283236535
2140,134739.72714664895
2141,141208.08149435275
2142,134497.6025845027
2143,142636.8032762549
2144,127037.31971511045
2145,134990.5944922157
2146,156929.04435653277
2147,165682.12464066353
2148,138909.26586440398
2149,142606.08722555285
2150,197358.01162372297
2151,128556.39236740702
2152,134495.55564291473
2153,152461.5094627238
2154,102307.83154761874
2155,139273.94994921313
2156,233874.89071054908
2157,221725.99037694238
2158,230361.86590782256
2159,210861.7692555336
2160,177701.51275415855
2161,249275.57952268698
2162,356329.298661303
2163,376025.15623211773
2164,254091.44565137805
2165,190781.65205719008
2166,142823.61678286345
2167,202320.9069312259
2168,208278.45253282378
2169,197252.08912692658
2170,216694.01317093425
2171,144287.6614649058
2172,136495.6731933697
2173,151386.5017446236
2174,231903.40076971982
2175,299730.87598696747
2176,311677.3623302068
2177,247512.68217501428
2178,219999.00975436272
2179,144100.0954494624
2180,179698.56548299151
2181,199089.83965644927
2182,225000.15790540315
2183,191799.50025890511
2184,129247.34903335037
2185,134112.3598023302
2186,137748.05664944433
2187,154476.0991967353
2188,153968.85568345597
2189,201281.81187190214
2190,84726.25320820624
2191,86791.0598684565
2192,94657.48522008068
2193,107842.80460180045
2194,106665.4224377936
2195,115882.36181626379
2196,113698.14688473035
2197,111653.22567166819
2198,143091.50788489456
2199,170821.32588700278
2200,149690.1225092516
2201,132279.2035306539
2202,189279.48332773056
2203,165663.82127311148
2204,169090.330685056
2205,119819.66235478203
2206,124648.21463435773
2207,211064.6558518155
2208,228785.28732543925
2209,189598.2315836271
2210,123300.85542806952
2211,114512.57419124813
2212,117431.15167927551
2213,102458.3911602899
2214,134711.35540836607
2215,104363.31571384484
2216,134533.2388487938
2217,70176.45387268686
2218,74241.5444836641
2219,72410.99781936537
2220,95622.8548492603
2221,327488.29369811324
2222,255960.5393758305
2223,279545.0008677055
2224,218365.4066660277
2225,132801.21523486002
2226,175640.11182384568
2227,203036.91777017206
2228,287288.68705319846
2229,246422.02075136534
2230,159349.22960437433
2231,218417.0885285923
2232,175898.01458733744
2233,178412.13766468494
2234,248706.86306752457
2235,216591.38718912605
2236,259351.37886335724
2237,329077.5839711626
2238,194874.4408601368
2239,105423.56663381668
2240,159364.20566926763
2241,134798.87661580587
2242,127054.99198875815
2243,129828.15586874384
2244,92400.95671662258
2245,96769.45052458055
2246,142995.42405636495
2247,108781.4120787339
2248,124875.03444761217
2249,126740.90202310914
2250,133438.87631080966
2251,125120.24973921146
2252,172115.48117910544
2253,169021.4711285165
2254,177258.89850331575
2255,185755.52615083888
2256,181071.41441863115
2257,195808.95531623048
2258,174711.88331579915
2259,179859.29802323505
2260,154941.60385683159
2261,176554.12566978417
2262,210687.75407053673
2263,361789.7828983755
2264,421150.26509139274
2265,142775.57727650975
2266,293783.7507249066
2267,303509.0962518912
2268,387149.3375843016
2269,154725.73861255925
2270,185927.93801557473
2271,211953.7511852899
2272,214043.70245715653
2273,164801.01816483395
2274,176692.11661408917
2275,169657.56449471196
2276,182699.88351210812
2277,187979.19714187534
2278,141488.66096248393
2279,127381.91493061748
2280,116146.4526942169
2281,183715.93689098555
2282,189422.16274452306
2283,100379.56196365418
2284,112650.65284753208
2285,138126.7058946717
2286,129406.4492766591
2287,360300.1983728555
2288,277530.36072364455
2289,332963.4849719991
2290,413626.8674614384
2291,329840.67758659896
2292,389264.3981631058
2293,434868.73992375314
2294,372765.8937591723
2295,420852.59162767645
2296,253819.8939069752
2297,344476.13252748956
2298,354715.25172747124
2299,331941.8041864496
2300,323311.41566750174
2301,316778.1048186109
2302,241530.41155556246
2303,236371.21429672884
2304,237309.11290060534
2305,187587.0809941415
2306,187775.2769189116
2307,193711.84011052208
2308,219610.19349084387
2309,286293.938859618
2310,234436.7218104351
2311,194704.1845232652
2312,169477.76936404215
2313,176782.78766754013
2314,177815.1374881499
2315,174942.83079098066
2316,206178.75182668038
2317,185276.55765299738
2318,179645.95564828019
2319,180006.3211638823
2320,183031.98475791747
2321,252585.46868754955
2322,175612.59306348627
2323,184004.0448889787
2324,177468.7068234781
2325,207136.90435740157
2326,174710.35927512168
2327,215512.6726346079
2328,218757.40099878525
2329,184674.86530733254
2330,176152.96231662016
2331,336738.52673320664
2332,361261.8913667284
2333,310008.49602341565
2334,264589.24849051656
2335,268033.46003855387
2336,303484.9390149487
2337,200225.75240771737
2338,273980.3232927443
2339,227762.23810157247
2340,374497.714651182
2341,207627.64338490993
2342,232621.88576853863
2343,217810.71042539238
2344,227154.624229237
2345,240920.51135520329
2346,212684.01554910865
2347,198918.17233479366
2348,226688.1728566097
2349,165817.56818076276
2350,311530.0751489811
2351,273139.68324234016
2352,236735.18986332175
2353,246934.7422967423
2354,125673.49531726878
2355,147154.8737847201
2356,153342.2108585801
2357,200954.45375553935
2358,198352.84134234054
2359,131817.43398407943
2360,124146.64391014747
2361,137166.2529847951
2362,254531.0201567393
2363,140841.0266120076
2364,153952.65636005552
2365,226299.28333820563
2366,196278.34217813515
2367,219742.7833909971
2368,209590.95465369587
2369,214483.62092736425
2370,169603.4927960376
2371,172762.28619649188
2372,177003.18601795073
2373,249845.64586300615
2374,276443.5571150803
2375,241865.47001712793
2376,251657.3034963908
2377,292543.0884353598
2378,147489.7576465691
2379,188781.87491026212
2380,145607.06586212135
2381,159358.93841343845
2382,194318.5392893082
2383,201499.6901249537
2384,238550.16982065988
2385,161426.41215414563
2386,141207.94891685463
2387,137560.9146660944
2388,98676.17387274878
2389,135344.64465746385
2390,152876.81817901376
2391,138101.80702634397
2392,113568.61408350468
2393,165239.1676349792
2394,151622.6322358912
2395,194565.76690767866
2396,148947.07048814502
2397,185219.73118463493
2398,130546.19900204669
2399,76466.05055223656
2400,73128.10710708147
2401,118698.91724752143
2402,136685.08889334198
2403,131582.3306877613
2404,162464.89146979852
2405,162485.64212720428
2406,134871.37795201686
2407,123163.9958633103
2408,142383.92627996186
2409,136852.72805307005
2410,162367.56515004614
2411,122778.98887003839
2412,152828.06735688064
2413,138169.29616793478
2414,138094.58727931164
2415,127852.70646943452
2416,129291.71650669894
2417,134005.2717667516
2418,128719.05339638171
2419,126326.19929089709
2420,130805.17786031603
2421,145802.5911772945
2422,119653.84907079207
2423,123602.74468437467
2424,145771.09166379322
2425,171649.8049389144
2426,124738.50887852603
2427,128351.51425823268
2428,165531.5597141932
2429,118886.80943809672
2430,131715.1835419685
2431,131883.61199785367
2432,139705.4043662648
2433,143484.8612587734
2434,142107.07043910248
2435,149224.25163416407
2436,110371.93633517825
2437,112109.60756966598
2438,126878.18061127099
2439,108112.20847014364
2440,124934.87569563848
2441,94783.97746432794
2442,111747.773207529
2443,121693.48141220183
2444,134566.38676853382
2445,97757.48956959382
2446,129700.60860033681
2447,172356.49263634512
2448,145271.4492915634
2449,119330.01318921176
2450,139347.83984390614
2451,138189.21632256522
2452,183287.11811749847
2453,103304.69552893321
2454,127045.23240767018
2455,114220.32295406135
2456,119044.00789249518
2457,122418.35460637434
2458,134817.0072053024
2459,114459.57856083693
2460,138226.61957089568
2461,122011.67024732653
2462,132188.60672359928
2463,123570.68294109235
2464,140406.59978717234
2465,134069.78801228714
2466,120249.8911923179
2467,150122.48943065575
2468,101954.98638890976
2469,91390.06480638662
2470,175124.17113694825
2471,174369.78476474926
2472,151788.21785160652
2473,113362.03145900277
2474,99604.57679696375
2475,198643.63539245434
2476,108096.16619448223
2477,128599.73591452744
2478,153339.27827726828
2479,117411.63265431295
2480,147128.57021094224
2481,131186.40020782172
2482,133820.31633670183
2483,120270.40183598571
2484,128401.43058212813
2485,129868.22369764754
2486,147883.93551059745
2487,186593.914996545
2488,151803.14518764333
2489,159067.0761507124
2490,149752.51386268227
2491,91422.56935554593
2492,180656.702776867
2493,159437.1930949867
2494,153979.06576644437
2495,95494.8646613644
2496,221531.6428997377
2497,140672.10403991188
2498,121145.88156629694
2499,89629.78261590724
2500,138052.77255395817
2501,129407.7843366464
2502,129222.94226279992
2503,98786.72008711418
2504,167529.73846848597
2505,218576.21867467003
2506,257776.3303682049
2507,286019.47704748076
2508,253468.2189162432
2509,220329.11360428267
2510,226086.74009086608
2511,186447.87727037806
2512,206112.2895814606
2513,220486.31334045817
2514,241778.77537815782
2515,146140.68260267194
2516,186024.04303192376
2517,133760.32970987493
2518,140194.1214520735
2519,226798.834311538
2520,209677.07271994834
2521,192340.77391705627
2522,221306.30113104597
2523,128918.52310245293
2524,146393.0044987244
2525,145293.68394622358
2526,134163.7953790512
2527,124062.80897328067
2528,128686.47827367348
2529,134367.83159084144
2530,123022.38993248738
2531,232300.8470342657
2532,227918.28882885605
2533,196472.3117154723
2534,241848.54705920274
2535,270880.00496062543
2536,230951.00817225946
2537,227182.11803294698
2538,184040.09083307206
2539,188542.9224923146
2540,179204.83579996662
2541,181719.65528303044
2542,171741.68218721103
2543,128806.29883117149
2544,123747.77187426077
2545,135334.47799963897
2546,138358.00844444474
2547,131976.08271588993
2548,141980.08052617297
2549,169910.42150580665
2550,496316.04337925406
2551,144410.44721734233
2552,120561.92934141423
2553,88547.25770641859
2554,105515.46136103787
2555,119367.96627680906
2556,112221.59623809755
2557,116616.65429853361
2558,124911.28706201944
2559,122698.68975852417
2560,143300.04347564137
2561,143274.28544563308
2562,134276.69190642243
2563,151811.77355406695
2564,179135.30934188468
2565,147233.54571721758
2566,154081.45343305057
2567,130056.53973875388
2568,180089.52971885537
2569,188439.68231920336
2570,122525.46054802861
2571,174256.76253535718
2572,149049.61370831975
2573,208223.11074341385
2574,268259.65326628153
2575,125358.87801456034
2576,122253.93451006888
2577,138173.71509000682
2578,96304.7110622986
2579,88306.12863959123
2580,103047.03905628543
2581,110351.32892275615
2582,109644.64109631896
2583,277382.17228155956
2584,167659.76815909956
2585,200397.67097984685
2586,206274.55967545803
2587,186278.81172131558
2588,138511.41929848885
2589,146851.07401320172
2590,212207.15256011623
2591,205238.755578999
2592,218907.3235560568
2593,260410.12014062627
2594,171577.9534635349
2595,208304.55661909067
2596,312046.14091508446
2597,191496.12001775493
2598,261902.41392502497
2599,352413.3106784876
2600,119189.60398242105
2601,143715.76397733385
2602,86054.54232288593
2603,90107.58800981734
2604,88049.92992002562
2605,86772.05974481972
2606,152715.3311935799
2607,184510.38772598957
2608,184039.89120095194
2609,163079.26900292144
2610,106835.2034554952
2611,119295.05092144446
2612,147913.31241586627
2613,128618.60624964816
2614,123554.67549552377
2615,152149.1962381887
2616,143946.88295955968
2617,167004.20693663784
2618,188685.32436865344
2619,195304.26508200445
2620,183538.07839511294
2621,178157.51430804603
2622,181342.46397281103
2623,244384.86382775818
2624,290812.3636135788
2625,260167.05699875896
2626,168753.42790081407
2627,159714.9518311819
2628,437925.2459662794
2629,444058.44457155943
2630,369173.47651990753
2631,446231.09854459314
2632,404901.3863126887
2633,300990.74063478573
2634,383258.6662496366
2635,157201.64808867985
2636,186847.68492511273
2637,173404.0193392339
2638,248214.31167119517
2639,186008.1819071615
2640,153391.53025227835
2641,111622.52337679526
2642,190925.82873259185
2643,106545.6578836117
2644,139743.89636243234
2645,102677.14680052114
2646,94976.36123526738
2647,99537.56213933571
2648,138666.46724472864
2649,145389.88489415878
2650,136456.33505490638
2651,150010.84454803172
2652,406414.2484987096
2653,246322.28561691448
2654,261439.43346336778
2655,366746.5830602564
2656,333800.72396797035
2657,317270.3312965785
2658,277500.9749886568
2659,301715.17092158133
2660,348747.0383486343
2661,358764.12439659226
2662,343900.0130223112
2663,271375.2199419862
2664,283927.36762455176
2665,335920.1446508291
2666,295705.65687879577
2667,172600.12408272963
2668,176946.97218238725
2669,177754.77108976973
2670,281320.62659347727
2671,180353.18085953785
2672,190699.08726663652
2673,205014.95120083858
2674,202996.89913403525
2675,173047.5779791802
2676,187986.1284149244
2677,188735.87996954986
2678,246517.75406532708
2679,280727.215630932
2680,291582.2711141964
2681,371549.7491287242
2682,309031.39420079184
2683,450799.1932499893
2684,312832.92368565185
2685,317738.80537242454
2686,259972.9757178693
2687,308662.1894083483
2688,219264.52136626554
2689,205734.08930357112
2690,411040.53243726713
2691,197001.73279057583
2692,131307.7660751718
2693,196050.34490029572
2694,131613.02310971802
2695,195059.87850039103
2696,187091.60882749065
2697,190921.14562889794
2698,196432.5311314639
2699,182607.94699205513
2700,168792.74496827746
2701,172403.26693764518
2702,124927.25264408017
2703,126452.91062256161
2704,139679.91350082736
2705,126520.30187955852
2706,123747.91597656865
2707,132010.75215211615
2708,133747.9668276392
2709,96494.41668322054
2710,129200.51713115009
2711,267928.4898057783
2712,338300.8750805791
2713,179426.13759204783
2714,150299.46628907835
2715,171052.1792548907
2716,165082.54389090772
2717,192628.15313047025
2718,231475.456744398
2719,149087.41169461224
2720,162079.29485264575
2721,141485.89968060586
2722,159834.7246433454
2723,149453.73705239827
2724,130323.29348148838
2725,136850.02840737032
2726,139124.42121228907
2727,167786.21604432416
2728,166525.08671485077
2729,153250.62320685142
2730,139768.32705000756
2731,124116.98077962473
2732,124036.47302499296
2733,157522.23262203537
2734,149886.19357264126
2735,134667.3619484222
2736,150237.68128888766
2737,121069.86516933258
2738,132885.00866155417
2739,160976.4504156945
2740,138484.62473323024
2741,149214.51753692885
2742,155581.1830557225
2743,150317.82843664516
2744,148468.16400109307
2745,137907.8214082028
2746,131707.31107805113
2747,160107.36410574417
2748,129556.83241150079
2749,135227.04836010883
2750,135351.27757863453
2751,129398.80602357833
2752,207051.75693501375
2753,144351.39048436767
2754,185803.83848949577
2755,127930.49336108057
2756,99657.90265560987
2757,77141.93981284884
2758,104894.60514405079
2759,160277.65144237102
2760,138148.5674839325
2761,145635.9035903675
2762,145328.91469650526
2763,182546.70757505373
2764,169293.93814860625
2765,237094.53320653597
2766,123182.73405856079
2767,90123.31121524962
2768,127177.80788536536
2769,134191.31074911932
2770,142266.40339649984
2771,117935.40301487243
2772,116664.33501881061
2773,145065.93970717982
2774,129197.31981747711
2775,119610.6769055313
2776,134885.21552773542
2777,140393.0038109093
2778,109815.26147032347
2779,126439.53623131175
2780,88320.97865715924
2781,101308.03399117356
2782,103475.92735378678
2783,108867.05389286875
2784,124851.31890569706
2785,131712.83275286944
2786,89930.70491204235
2787,116214.06492874623
2788,93609.91806810586
2789,147113.28226237747
2790,100308.80532278214
2791,116902.18542430662
2792,64210.24913800649
2793,148979.95321375824
2794,109295.51148292514
2795,122699.32118239028
2796,97933.04340615115
2797,174352.40363271462
2798,108844.18057122505
2799,123774.55027079702
2800,76723.2205577314
2801,106682.57165075737
2802,133669.41902693346
2803,143168.37318722275
2804,139517.79205213435
2805,99987.69930681531
2806,97812.0581952515
2807,149328.01817995348
2808,151548.44698337239
2809,134129.11772855665
2810,133641.63675663446
2811,157232.50749995754
2812,144257.32213865628
2813,146289.98876451116
2814,148647.31045504517
2815,97405.53772649875
2816,213937.51492212695
2817,161643.14476886194
2818,135448.86461588886
2819,176692.97812488387
2820,147882.36734235156
2821,112598.46552810573
2822,189437.19466199283
2823,225012.11330950324
2824,174231.9595946559
2825,141991.4478237939
2826,131157.7934832514
2827,134668.05561258024
2828,232892.40118012924
2829,200456.91378021621
2830,232108.7036571082
2831,190790.7331434116
2832,222604.61461381582
2833,307441.3256162775
2834,213202.10539949406
2835,217385.8824317089
2836,193922.28120099305
2837,163540.81857055184
2838,147643.39901197987
2839,181097.8382998788
2840,187259.80017826916
2841,200600.2640539062
2842,221137.40351725812
2843,150381.66243939416
2844,150278.82146215718
2845,121055.1756122546
2846,208407.31265259066
2847,197823.24639552092
2848,215824.90060850536
2849,205537.52562654525
2850,285641.2100745378
2851,224502.44672085013
2852,226761.18745527096
2853,229555.143191114
2854,138905.97638118162
2855,198928.31173280015
2856,203532.296575287
2857,188346.15385972563
2858,196206.5292602735
2859,137881.8049780714
2860,129657.41847842654
2861,127964.78368136479
2862,201662.0548100621
2863,123776.15580947525
2864,236988.0632013591
2865,141529.26857934496
2866,133766.93183969852
2867,110819.71812967022
2868,119008.31992193851
2869,111542.77028584672
2870,146799.93345666223
2871,102316.8594585906
2872,65739.93854145541
2873,103384.85625657042
2874,128649.1818835616
2875,110912.73562698271
2876,158500.14541036845
2877,134850.24661261027
2878,167398.40412478917
2879,140194.68855863786
2880,107815.43217714415
2881,147776.72217609893
2882,159171.4994981441
2883,182503.5211390271
2884,190972.6925046712
2885,175699.77407346654
2886,194142.91798734164
2887,91006.73759979634
2888,126692.2109153777
2889,61288.29657110765
2890,94307.53005593199
2891,131151.3495568741
2892,53973.2889823979
2893,87678.94738197746
2894,68469.1715984
2895,298450.02244734386
2896,278601.7932089664
2897,189866.47101771383
2898,147299.27744544134
2899,221358.58365708397
2900,157343.29260668924
2901,192225.56508609554
2902,183342.51475249213
2903,330396.8782696928
2904,342265.4510504322
2905,105518.59483256965
2906,189502.18348352175
2907,116715.12553075653
2908,128684.14237649788
2909,145336.1326152218
2910,84520.15446847565
2911,85659.23344946021
2912,151589.38525892035
2913,87875.87758195854
2914,87626.05320702113
2915,88417.92526035075
2916,88006.40007086644
2917,148480.91585167783
2918,110396.2006979095
2919,215083.46994073028
