Id,SalePrice
1461,124119.86580643799
1462,155503.5759860541
1463,186661.27222550428
1464,203769.96025727634
1465,188895.17414823401
1466,172012.75235077314
1467,175560.03884096254
1468,160774.0319243054
1469,182263.72205586976
1470,121534.9296598237
1471,199227.21118564525
1472,95797.43161416215
1473,95243.81518868526
1474,148301.95386746636
1475,115029.9215298891
1476,368250.48139461706
1477,257737.83172948222
1478,282550.2124720502
1479,264399.9718519581
1480,491683.46529130585
1481,315326.9413910259
1482,206146.80711472442
1483,174535.6579061414
1484,166321.65535175372
1485,189086.0593805299
1486,196718.0343927695
1487,323159.8009495454
1488,235375.50198507693
1489,206996.6021272368
1490,234706.24689348147
1491,191220.14823381306
1492,91929.63455292794
1493,178687.90692776637
1494,293637.3790427082
1495,279152.8043195113
1496,231122.7425846581
1497,182378.4547911551
1498,156968.6305498318
1499,157863.8371763844
1500,149016.2921398912
1501,175234.1068749974
1502,137204.86472551068
1503,304310.5982521231
1504,247638.03849185913
1505,220972.83068343723
1506,185990.52321890468
1507,246163.37714504093
1508,197052.75996108633
1509,161204.56774944015
1510,142051.56385377303
1511,144913.64477299116
1512,172682.56527470011
1513,141382.56369813648
1514,155812.81349603942
1515,201235.44457164133
1516,152890.77860777287
1517,170969.44884351073
1518,137174.7946351913
1519,219325.32027122917
1520,132014.91282195188
1521,135599.6671241113
1522,176757.99957637425
1523,111470.97745448216
1524,123845.44252656262
1525,121905.43547734176
1526,112882.29030046282
1527,105460.5428118387
1528,141158.47021203212
1529,152416.88881364782
1530,172761.5951783203
1531,107313.6751534382
1532,98350.18341355772
1533,142979.08489955842
1534,124657.13860093168
1535,158348.70684237918
1536,114136.94403679766
1537,67606.79056515604
1538,164947.5868179132
1539,193570.86085377372
1540,90349.27516389494
1541,142724.30339410287
1542,139671.11562869063
1543,200153.4653489397
1544,82399.73942929515
1545,114382.47152599494
1546,128596.10073753474
1547,136333.19058220982
1548,140059.1062983981
1549,112048.68886346562
1550,144129.2494855623
1551,114437.962513665
1552,148512.12885562587
1553,151833.43943617638
1554,117127.70956708417
1555,163535.3121314967
1556,78460.80981159037
1557,101210.87728258308
1558,93887.06591506749
1559,85874.26140765173
1560,132180.0083203824
1561,119173.19993036764
1562,129759.79937736761
1563,124502.37348046075
1564,155274.84679453622
1565,147698.55546561003
1566,240110.34970299024
1567,69964.88555442338
1568,223350.17715097516
1569,130527.00024682604
1570,139549.0089422764
1571,120803.92395655754
1572,146758.0722055317
1573,263596.85193686804
1574,111247.66520993019
1575,236039.71954475984
1576,241823.3245477802
1577,195320.86502833167
1578,141258.55741426346
1579,148970.36714588164
1580,198855.47393675722
1581,153523.20037539248
1582,125498.06990651999
1583,322073.65409332153
1584,224653.11670444245
1585,139765.48895266766
1586,64048.631832021514
1587,100060.77416278054
1588,156504.27337130063
1589,92146.93879787707
1590,136516.95730726235
1591,95300.04996525291
1592,109295.53472643369
1593,126191.09746730345
1594,139101.54365314578
1595,107931.06025196015
1596,231989.48173003222
1597,186869.38715289294
1598,212251.02301511756
1599,172395.49323752787
1600,171955.67956835302
1601,58655.761630854286
1602,110936.38534247603
1603,88979.58756960393
1604,262830.9804377408
1605,249970.30457112307
1606,169216.79865054056
1607,179498.8986180211
1608,215230.45987778576
1609,195921.14427319143
1610,143416.81829414715
1611,133042.13658380695
1612,163865.8146212247
1613,164265.6563411784
1614,126581.74287247789
1615,91520.91319168401
1616,74557.44977171678
1617,92512.98077049614
1618,124131.36401321476
1619,140966.55526664387
1620,158850.5082920152
1621,129255.58362359967
1622,143440.8260757077
1623,277568.4798725276
1624,222174.3680542063
1625,121984.43138776078
1626,157062.4428344953
1627,193732.10817410477
1628,275030.49848096416
1629,184074.49749675803
1630,360936.6545377194
1631,216602.54173605234
1632,231643.27862885897
1633,176216.24488584598
1634,193452.60522238645
1635,175562.05411825646
1636,151817.883363685
1637,199641.83032010082
1638,181946.40299371595
1639,174675.70538971966
1640,260300.8019864118
1641,176011.20655201582
1642,225830.53120806723
1643,225921.56162942116
1644,236924.0792802542
1645,199429.13902928232
1646,156789.4873649065
1647,159707.2240062296
1648,129172.59339056835
1649,137138.05839565792
1650,115293.41354472676
1651,123130.91539284903
1652,94218.93209399922
1653,95604.45068089377
1654,148071.9200785659
1655,147253.03542791188
1656,144051.48898599017
1657,149166.46941163842
1658,147046.72226204886
1659,120121.58451450916
1660,160310.52094611732
1661,441817.3193955001
1662,453903.7609782973
1663,405041.2664893098
1664,468172.8768465142
1665,317518.44284403237
1666,315877.29573013604
1667,345873.77766465745
1668,342037.3609109027
1669,304147.66174865863
1670,364200.09498887835
1671,251287.4939719469
1672,436460.6581836095
1673,293971.8854579174
1674,243054.94501298666
1675,185211.27225489114
1676,183346.91280008588
1677,217783.98459247785
1678,456738.67070573923
1679,373113.45525105327
1680,344515.91918903444
1681,258119.77406028457
1682,294367.1316034317
1683,170087.42693535896
1684,178361.36789082264
1685,170335.01522395303
1686,168521.58408883997
1687,170830.86906617973
1688,195767.66675444655
1689,202355.19615452454
1690,201478.70523167046
1691,189738.19033140066
1692,268969.3972369588
1693,169069.3543721925
1694,181627.03682372853
1695,164331.0190269182
1696,272076.2472281825
1697,167474.0709133483
1698,358636.33420387184
1699,317686.3506105002
1700,244816.83490306413
1701,269672.7342060618
1702,241159.8423602794
1703,244554.19284496846
1704,278415.75987679895
1705,233950.14866808715
1706,425750.7193053544
1707,207864.6052054563
1708,202023.7467996667
1709,298094.9255798525
1710,223049.90625483633
1711,264365.64645608433
1712,264136.0889586617
1713,268485.7991450233
1714,216632.44286248126
1715,206154.09094603173
1716,187370.83456673534
1717,177048.01257480847
1718,136819.83590681982
1719,205720.7121099559
1720,252655.57804443617
1721,177506.8507612938
1722,126611.37019548073
1723,155469.58954214628
1724,207279.8689552576
1725,240798.66129356655
1726,181925.17108915246
1727,153592.03345180425
1728,180791.2834751666
1729,158131.14765148624
1730,152649.38300824162
1731,120135.60017518813
1732,129103.21074787888
1733,118790.0909324002
1734,122352.99012119768
1735,135568.69999835096
1736,112733.77166342622
1737,301271.26000193664
1738,233453.91470966165
1739,261550.6348721532
1740,219043.27161850317
1741,205023.73446941993
1742,173158.3420190497
1743,177135.12010933814
1744,314384.12229157245
1745,210536.61660202578
1746,184676.96132966754
1747,214676.92499154463
1748,223460.5293601133
1749,145297.83399333176
1750,122052.04319587523
1751,236439.94630957453
1752,120193.64049304347
1753,147938.99363884825
1754,192441.31099926218
1755,164938.96322625226
1756,129675.08326401078
1757,122927.75902700181
1758,142921.2754355532
1759,163410.54858288256
1760,159580.93999642017
1761,136199.77898031112
1762,184692.93331470963
1763,182257.10988834332
1764,111584.34022471542
1765,175866.32925315143
1766,187337.40603735312
1767,226296.96627941544
1768,146544.68644501807
1769,174859.94797211577
1770,150283.48722068092
1771,123809.45830690186
1772,134820.09675816933
1773,129636.29352998362
1774,137237.49554981536
1775,138790.27495284737
1776,120509.0151676029
1777,109654.37848514512
1778,143822.66848789906
1779,116250.90155358636
1780,179466.12041402693
1781,126529.37351710434
1782,89510.86552198994
1783,139449.76466300653
1784,110708.68371842052
1785,119105.07302110683
1786,153922.83971706286
1787,167229.9169270546
1788,55312.90554737162
1789,95703.72809499147
1790,70121.97384627486
1791,183958.09045954692
1792,152861.19140196877
1793,128989.80018695719
1794,152007.50415113984
1795,135537.3641552935
1796,121493.26646296751
1797,112280.0664778862
1798,122303.93397828005
1799,103880.41193730256
1800,131242.88019196838
1801,127652.07679177893
1802,132217.6638666377
1803,149115.68065780713
1804,138651.32516887225
1805,137100.65055302973
1806,120931.32945145223
1807,125344.7831149887
1808,117314.31868614533
1809,119457.77952066125
1810,148564.57805130703
1811,92942.17363727742
1812,97793.65188594762
1813,122764.4267696118
1814,93237.46394491008
1815,51085.231118278694
1816,101216.50909634364
1817,110759.5541631812
1818,157127.6201434316
1819,126549.14210198491
1820,68295.34856884749
1821,105385.57590166047
1822,146651.12008537573
1823,52416.1461852171
1824,132145.6566467253
1825,133400.37462134496
1826,107083.34273375024
1827,103074.63083436008
1828,140756.57601458562
1829,115055.3574497314
1830,141756.41279126794
1831,144234.10722442632
1832,75117.1269227552
1833,140882.8984585917
1834,120767.62938161375
1835,119910.95886833592
1836,121535.99985959342
1837,82743.77202387196
1838,130872.17442213037
1839,88869.7131653522
1840,145817.23807836548
1841,135314.91746945656
1842,79145.84872930986
1843,131028.40112349563
1844,132835.10547656866
1845,141564.43001512843
1846,149967.02862825058
1847,166171.44802632177
1848,54004.476062910435
1849,105321.01633285105
1850,118442.3186163808
1851,158441.82526555852
1852,132564.33690163723
1853,128421.51699360544
1854,171245.7749753841
1855,137581.89951751605
1856,224093.76800630495
1857,142700.95742866708
1858,130709.98221791441
1859,120587.49700303159
1860,148841.11012656323
1861,119285.58751100881
1862,301709.5410380512
1863,293166.79542499396
1864,293166.79542499396
1865,350942.97710451303
1866,356294.99766848114
1867,246333.5177420056
1868,302508.87180877
1869,203989.69679441396
1870,236992.4232059068
1871,251274.69180978654
1872,174522.79473523097
1873,236432.6508435864
1874,142443.1649254175
1875,192828.6456782076
1876,192241.3309690441
1877,211101.72924995684
1878,206923.7742630883
1879,127106.83551927544
1880,130358.96478643219
1881,241795.57335788492
1882,251428.976371278
1883,186785.52667587108
1884,202384.1270217463
1885,244308.00710117683
1886,298748.36750842544
1887,204180.43408965826
1888,286968.17314052844
1889,156881.9460493858
1890,124082.39805011365
1891,131930.94032671012
1892,103510.497679845
1893,132016.5621017729
1894,127411.28834714682
1895,143922.0193422428
1896,125588.24601330869
1897,107404.27926004515
1898,108777.25322855815
1899,161648.6229371731
1900,145120.84294705983
1901,171147.80909136694
1902,140914.14625867497
1903,208272.7569832031
1904,140436.06532378274
1905,191480.48600605738
1906,150802.13309868987
1907,200876.303761874
1908,106613.38338743692
1909,124877.53417330574
1910,112294.78289110545
1911,214555.36840418223
1912,316610.42421848606
1913,136552.53133126156
1914,61026.71965109259
1915,310065.614054815
1916,62539.7713818717
1917,269117.40603775426
1918,139097.07707808568
1919,161660.55943914378
1920,149617.72582047654
1921,447358.71394242847
1922,335140.07484735537
1923,216569.3686032798
1924,230052.0140557086
1925,194748.39077330593
1926,401559.3789897919
1927,131309.17484896033
1928,150386.51998626158
1929,126854.80682543352
1930,130091.80160524408
1931,144473.20272698277
1932,134008.5037937429
1933,196850.73224921152
1934,182270.59973349795
1935,160217.16097186116
1936,193058.64415404008
1937,182831.77622826243
1938,166832.6035237118
1939,239622.37353472394
1940,182688.634071747
1941,167589.6568531276
1942,174121.10765362778
1943,207993.0096942605
1944,346228.50104534824
1945,369328.1429480229
1946,136706.4904399953
1947,303933.4784876403
1948,179956.20624375864
1949,232884.1371063326
1950,177390.3152028517
1951,248779.57753363322
1952,207047.82701901993
1953,163447.8472000283
1954,179192.8302767402
1955,133590.91105877366
1956,327877.14390740654
1957,147348.5305130377
1958,323998.0655426742
1959,139814.32585065748
1960,112685.45058012195
1961,123536.56169352689
1962,95320.85378340831
1963,100626.45311836334
1964,107959.85381532853
1965,145387.766253376
1966,139893.5178718003
1967,278880.64182029734
1968,411469.59917196026
1969,395929.6553326533
1970,436433.51444468065
1971,462098.23600964196
1972,371213.4986207615
1973,251271.68028568866
1974,313840.4390191725
1975,479371.9138062232
1976,265453.0970399241
1977,349132.58911157417
1978,329671.84589455783
1979,350686.66839158646
1980,204012.32700000788
1981,373669.4329152541
1982,210597.52404136557
1983,199760.8402984379
1984,166998.0099864256
1985,218782.05907256767
1986,217482.11968193093
1987,182194.7746539337
1988,177701.21250221686
1989,193577.08106792052
1990,217080.5660603261
1991,226884.97638246714
1992,221120.08702354884
1993,170053.6002121077
1994,239925.94511301958
1995,190266.5346651803
1996,250027.07526585384
1997,312348.9406851262
1998,331729.8032784876
1999,267623.3722263752
2000,314996.0517725072
2001,269911.6813890482
2002,236473.05934603087
2003,262786.0020688661
2004,272928.847546334
2005,223730.4236542415
2006,223120.18081585068
2007,240238.21380709653
2008,220255.45319887475
2009,191601.6970190911
2010,193597.02973020243
2011,145392.13381729013
2012,175483.91668361422
2013,178910.49259409186
2014,182564.09029301765
2015,207202.56872768796
2016,191225.46745247245
2017,197200.1467597478
2018,119565.7454718231
2019,130746.66542468817
2020,106636.12097694138
2021,103391.79967084648
2022,174582.70802103155
2023,144150.0513164941
2024,271665.78294687055
2025,368992.0615943532
2026,174303.29697553135
2027,150945.85168723064
2028,149907.07002970792
2029,168697.96291358382
2030,277768.9481177845
2031,238227.53124482487
2032,246253.46768506034
2033,271471.9982445115
2034,170228.2207120625
2035,209225.16139351513
2036,212388.6608895537
2037,210526.16642235278
2038,333539.2995346137
2039,235362.7492182191
2040,292684.782765748
2041,278781.70207066106
2042,206925.32207333404
2043,170888.64018330997
2044,167516.40934376957
2045,214804.70833529567
2046,146293.0105033515
2047,141224.3269152567
2048,142136.04630191598
2049,143934.7983701312
2050,183134.41175486677
2051,109911.11639924142
2052,122805.92647216385
2053,150375.23015852127
2054,85426.77462584783
2055,155383.38574943694
2056,139903.41667645445
2057,113341.4542047901
2058,227557.46810133426
2059,125715.8759963101
2060,173649.04582185895
2061,172230.4286459129
2062,130576.32883193898
2063,117487.57098802183
2064,144000.92545537447
2065,115724.3460184596
2066,154707.48099856678
2067,105611.6710390077
2068,145002.7297119325
2069,86314.43149068135
2070,115154.21345229015
2071,91970.64452747632
2072,134444.24683546345
2073,132710.7358706458
2074,183224.3642180229
2075,148325.5392574229
2076,118423.66914426778
2077,157264.48551719377
2078,128517.03724762937
2079,130733.98257064872
2080,116711.20665182495
2081,126058.36710684068
2082,111380.15393887155
2083,146863.51540091293
2084,111032.34227031423
2085,119544.70004507511
2086,115888.62807332515
2087,119296.13947800352
2088,95471.97008663895
2089,72310.99282181165
2090,127216.83626788566
2091,118807.580454718
2092,121581.67823432307
2093,114419.66778625075
2094,116718.39345117842
2095,153863.93457698065
2096,82140.36784577873
2097,99879.46128756335
2098,141984.60814305252
2099,53179.86722504453
2100,75225.85859701417
2101,109731.19326180745
2102,129805.00352401017
2103,106564.27432802264
2104,156040.4549873732
2105,130250.15666280426
2106,62294.79049971407
2107,194678.72293209512
2108,114823.58689381275
2109,112532.77076167102
2110,127911.36087339264
2111,141673.3624985018
2112,138326.20084425548
2113,123971.00592577353
2114,114995.91065067367
2115,168495.04242738025
2116,120744.57485125374
2117,158216.7866995697
2118,123350.66457538944
2119,115285.33621452795
2120,105368.4251380643
2121,92635.15017609866
2122,108734.85700110589
2123,89176.89307597661
2124,158706.26383299267
2125,130372.68234674321
2126,150131.73359280237
2127,152400.6795356082
2128,125555.93203111162
2129,93120.71020041886
2130,132403.34472382284
2131,141699.39483634356
2132,109795.56596494201
2133,116565.33317820758
2134,111165.23095367834
2135,78906.01108864354
2136,68891.88389295425
2137,108432.42869684783
2138,127214.96577821848
2139,148948.79606293797
2140,138540.288444996
2141,144134.8309512343
2142,129633.69295514053
2143,144357.19524260573
2144,133024.6915140197
2145,137893.51192960306
2146,162550.39097178078
2147,125452.44097093103
2148,136042.24995236497
2149,152057.94429171368
2150,213138.15791371284
2151,110126.85496169885
2152,163673.2638905823
2153,164706.94219647953
2154,102787.48298699486
2155,137591.68485245947
2156,283816.0087474374
2157,231460.392584983
2158,242886.05407114557
2159,207576.81276282095
2160,169382.5768558512
2161,246637.80867973316
2162,443665.0818308049
2163,361158.68127038004
2164,255019.5930079408
2165,204379.20820984463
2166,152991.8608602458
2167,223928.8208830736
2168,188144.80277838797
2169,201029.89995508874
2170,223107.11879902615
2171,153499.99131422257
2172,126245.92436418391
2173,164691.80377978028
2174,227391.42317036405
2175,323018.8681939492
2176,314186.1445659681
2177,249909.62244929108
2178,219895.22592842186
2179,139222.90623559733
2180,215602.8195596541
2181,191583.92974904174
2182,219736.3052350562
2183,187491.18205689773
2184,125348.39444692394
2185,117977.31715634894
2186,146994.51866927947
2187,157103.75974527234
2188,150788.66346731677
2189,258231.79935973292
2190,80026.20603989082
2191,84710.06042264825
2192,93017.1894397327
2193,102872.55723511206
2194,107954.91009680719
2195,109022.6408221614
2196,100009.57696076175
2197,117236.36915824375
2198,151034.1324909654
2199,172200.27129474079
2200,142776.17730190651
2201,142441.7023419457
2202,220401.31768372186
2203,139960.14761415825
2204,186036.14975099813
2205,115090.1027621561
2206,131589.50705047607
2207,222584.79417459495
2208,249948.09451021673
2209,231772.3891934936
2210,115683.1269715497
2211,110271.25611637108
2212,116081.94320631614
2213,104181.60790451888
2214,121589.48675848747
2215,102015.47109917495
2216,139715.27409386984
2217,60289.962884445944
2218,84366.31417252423
2219,78322.41692014717
2220,72968.53748079669
2221,311246.8590631227
2222,273276.7165142233
2223,290530.2739291466
2224,210286.36332015196
2225,114558.6720791448
2226,188378.6812838966
2227,202484.21214185935
2228,261571.68913944293
2229,260752.13122294127
2230,143714.60619582582
2231,219732.2605934327
2232,176737.05617335087
2233,177294.4628671488
2234,240023.6534496308
2235,219250.89318964566
2236,255559.80848915383
2237,335642.0433065075
2238,195521.02766952498
2239,114293.09528016754
2240,156660.0244671653
2241,161480.10011482838
2242,128756.20223679866
2243,129510.49617197397
2244,99726.7918783719
2245,102289.07900271135
2246,143981.74299767465
2247,107062.6394538145
2248,123866.28603254068
2249,121869.42415830497
2250,129416.83389434544
2251,104675.84284067072
2252,175557.5424645199
2253,151452.65725248752
2254,173894.66134201398
2255,183745.17307266907
2256,185347.99731477525
2257,211386.6918957706
2258,161617.58311299936
2259,176960.68080212452
2260,154264.61188828875
2261,190791.44668066694
2262,209490.47024748646
2263,372273.0798930177
2264,537093.0980980812
2265,187218.43067421071
2266,307168.445073311
2267,379356.80312099354
2268,399273.69710417656
2269,137479.46592629745
2270,201521.69231992573
2271,209780.72872228402
2272,191591.71433753392
2273,163328.38757453277
2274,170539.81012523852
2275,155911.21892330804
2276,191762.42387413103
2277,180182.31440214286
2278,140648.31295650091
2279,128420.25350880389
2280,117349.39051243935
2281,167807.51357684413
2282,198852.80855474115
2283,103931.95051775094
2284,114802.79197956489
2285,144778.87744638885
2286,119434.32459010243
2287,362260.0122741391
2288,267499.9166975451
2289,375355.7848619356
2290,474191.3387066371
2291,316075.00406973314
2292,435646.07826840086
2293,471936.92765947385
2294,403074.95297824463
2295,453981.9084499688
2296,285557.53737166984
2297,315613.35809977725
2298,330295.0886431887
2299,346002.627378276
2300,343890.34141554014
2301,291282.9294611749
2302,243844.8277388598
2303,229998.35365344674
2304,249448.60838690808
2305,181858.45611322208
2306,181590.52885584522
2307,187285.369965007
2308,225372.57035806595
2309,286175.5519515843
2310,205861.23047462435
2311,188562.85594125531
2312,179262.49537425025
2313,177426.31471642933
2314,161719.39006060557
2315,183005.82915661883
2316,196646.070869068
2317,181861.8469424295
2318,179931.0999380884
2319,181240.6912849695
2320,187270.9766069307
2321,242336.6988955367
2322,171124.34196221468
2323,199476.92010426935
2324,174285.48134645988
2325,208352.89596219934
2326,175647.34609683917
2327,210222.81173164438
2328,239769.00523561885
2329,188808.76942247918
2330,183820.0831723452
2331,344400.0275059596
2332,423561.9013003389
2333,327467.8368763967
2334,254981.55738666872
2335,271983.2622057952
2336,323974.53459833766
2337,193215.31653699948
2338,279724.7784973211
2339,218837.25762480032
2340,401153.91316409456
2341,214601.46234504104
2342,227002.2996807065
2343,224593.6196701233
2344,203511.062810744
2345,239306.46562464169
2346,211246.50278906213
2347,192599.65759684483
2348,236295.71185559954
2349,184011.63309250452
2350,298751.7707603976
2351,260038.39360547235
2352,244266.00576745102
2353,248261.27939086212
2354,139762.91347222085
2355,150622.17585493435
2356,159262.6056135794
2357,185705.91006132212
2358,201430.26150015087
2359,125348.30025318677
2360,113931.04963867407
2361,143254.46031167873
2362,269489.3187245366
2363,137359.69288104525
2364,161118.10760949354
2365,207235.5535725256
2366,195548.87679753377
2367,221313.19408935617
2368,217219.18775986973
2369,222128.97179835476
2370,169626.29631493482
2371,171659.36643555923
2372,194333.04125250725
2373,283944.56709406915
2374,349708.1654212697
2375,258821.50739318566
2376,315991.4584064315
2377,361263.85297143995
2378,132605.97585920795
2379,201836.60905673727
2380,145560.99791620727
2381,167427.26536466292
2382,214084.38663603674
2383,197653.3136286108
2384,252682.5286530784
2385,163194.13952758597
2386,134343.44136166945
2387,137041.49802036266
2388,100985.94140020406
2389,126752.09592637574
2390,145237.71034171587
2391,149051.4533845988
2392,118524.49240437128
2393,164433.03936644987
2394,148337.84682676327
2395,207579.35404311144
2396,146924.88010888078
2397,226161.6568101906
2398,136459.53907183273
2399,59608.03973986232
2400,53921.530084336715
2401,117917.12886114286
2402,134008.53082455805
2403,150227.1131975941
2404,143790.46217812898
2405,161005.01686344808
2406,147320.17342835106
2407,124052.89838870587
2408,149680.6983820667
2409,125171.19324714954
2410,169909.59095654855
2411,115327.12720533718
2412,153095.99213417654
2413,127876.7023673692
2414,148094.05048714377
2415,137304.52716795926
2416,124231.72123564284
2417,135253.54607931423
2418,132455.21098010318
2419,126370.70654571707
2420,122536.70145535732
2421,149533.03007532575
2422,107845.6465612924
2423,123380.46785592337
2424,159166.31633973937
2425,214452.20861128785
2426,123476.86209941962
2427,131369.27150976917
2428,191509.1197294858
2429,113661.55363279134
2430,133414.07044949074
2431,106169.60149345445
2432,149186.15786709962
2433,149054.8746255559
2434,134450.72443102067
2435,149358.96802224746
2436,110866.34910998557
2437,108219.05007925736
2438,126624.14495169172
2439,107959.33440548234
2440,119738.87251243887
2441,92936.67173992848
2442,97150.79383866768
2443,121340.60735311022
2444,130530.34204172317
2445,85478.38495826795
2446,138084.67638673433
2447,182595.4993862445
2448,131665.77951383844
2449,108678.69415986762
2450,150912.01487397298
2451,129822.51175021162
2452,191661.5315693825
2453,97706.469467921
2454,109407.22495873435
2455,116585.37043695274
2456,135731.99293789495
2457,139563.35016395585
2458,125614.52933873837
2459,118268.68307247727
2460,136289.0595795285
2461,120540.12560627366
2462,135924.22954726146
2463,123862.73738010168
2464,172286.3704804951
2465,136932.60243206634
2466,111841.4931357481
2467,128714.05892445368
2468,78588.5627225157
2469,80781.1603139872
2470,188342.05250224122
2471,201031.41456470222
2472,166541.02757176224
2473,104770.84390424295
2474,73449.65790130458
2475,208954.5178660738
2476,112903.31218121482
2477,131631.26162713385
2478,149509.54029348388
2479,100832.70288157841
2480,153023.00951547758
2481,120922.81710148185
2482,128603.05614641384
2483,112563.0131693989
2484,122644.35599679561
2485,125255.98544169427
2486,153763.21529161956
2487,161873.37074519022
2488,161878.39638317897
2489,154348.96523187132
2490,147119.28136432308
2491,94967.92834398568
2492,193879.60647770535
2493,149218.1085058908
2494,145008.14927341722
2495,82685.16597500801
2496,242770.2178115463
2497,160423.23037992412
2498,109198.54039512301
2499,91974.88984192708
2500,128248.8286147053
2501,136188.74171735326
2502,145821.29767366697
2503,95421.16066853623
2504,177942.19162272083
2505,223397.84868625863
2506,253117.20377653238
2507,286219.40423146466
2508,253171.0592591244
2509,215869.42067852744
2510,225672.91231937127
2511,175437.81090288318
2512,209345.75383282595
2513,219240.5149275199
2514,246912.41054864897
2515,153593.1383677476
2516,158495.0094597612
2517,143771.793129731
2518,157436.83009029564
2519,234585.68226494303
2520,222317.9837730126
2521,191097.21196356454
2522,224267.62195823528
2523,122359.6555425776
2524,133332.8096942286
2525,145402.1054640334
2526,135832.06612506395
2527,110667.48228588862
2528,126493.82830372185
2529,135819.82517500521
2530,124458.968899091
2531,263817.78936344956
2532,228774.73730896955
2533,196488.04545357393
2534,237839.0790899195
2535,312744.31769235706
2536,245995.1492088385
2537,240795.89334955646
2538,185586.0206749719
2539,186102.88487652782
2540,179242.94127260867
2541,191452.0632815614
2542,164408.85649937068
2543,129329.07746670207
2544,127078.80653216896
2545,128349.27499932983
2546,128848.2094694217
2547,141870.63554876694
2548,147271.27232156423
2549,157147.63353748232
2550,658622.0452632925
2551,140293.79701769768
2552,129863.52085356727
2553,73599.8675186285
2554,93174.69841459805
2555,124422.34779373968
2556,107708.2637085683
2557,106827.7885872783
2558,146904.59894122893
2559,134330.77750937096
2560,145465.48863861823
2561,135509.37201531665
2562,131724.10407690192
2563,151251.97381722007
2564,208082.85907289744
2565,139704.5631792154
2566,164578.74745199122
2567,140169.21695542842
2568,196694.50836011607
2569,206535.849197245
2570,113124.85362852745
2571,192143.77545683057
2572,152138.51041421815
2573,222794.69924099772
2574,295896.9002835197
2575,130762.73501154593
2576,118518.02606065576
2577,141021.71286520694
2578,81840.81220980709
2579,57621.80889763391
2580,107421.86813718786
2581,115255.3118145967
2582,116671.29793229092
2583,295493.12476349185
2584,165691.23253057158
2585,182641.12754815523
2586,226818.77041593194
2587,202426.61765248256
2588,145804.2120854083
2589,150749.0877254431
2590,204453.3699298534
2591,204574.66653957532
2592,210815.3796164282
2593,258588.68270282022
2594,180421.6042283532
2595,200288.9630777273
2596,294564.7475041206
2597,179638.49173860077
2598,287354.0264889537
2599,310510.72130752454
2600,154410.1226669784
2601,146971.18999640024
2602,81514.19178347228
2603,93199.92193501795
2604,91106.17213875306
2605,74661.2106228469
2606,143797.852916378
2607,191519.26567410328
2608,189867.05207123052
2609,168105.01898951962
2610,112366.46199084386
2611,112929.90268744624
2612,158810.4867454965
2613,131693.21821864162
2614,123617.39200234594
2615,151483.5219871277
2616,143806.584627816
2617,189041.38001250825
2618,210092.89331069196
2619,191175.88747331593
2620,187417.703875542
2621,177954.62932787734
2622,182366.31604147836
2623,249901.7579454707
2624,281237.0002297086
2625,307918.0556379291
2626,173511.390010913
2627,164607.76577159917
2628,498317.8342404522
2629,463263.27281442046
2630,390425.9742306595
2631,465261.6619061261
2632,431930.50834319025
2633,311858.16047785955
2634,409246.14252176427
2635,154313.21548969715
2636,174897.09299104146
2637,181888.82680517234
2638,262087.37909511547
2639,188419.19572892945
2640,152247.34440403356
2641,104055.53258200722
2642,196140.69456866573
2643,99804.5498791534
2644,127690.23011971005
2645,105523.60483717987
2646,95028.59493411175
2647,103532.88606847277
2648,142096.8002360898
2649,143325.43387954417
2650,137921.0358554781
2651,141244.77899522395
2652,420585.03048965393
2653,242710.82733459497
2654,236952.7786013442
2655,409782.3579761833
2656,313751.7282331322
2657,359572.444883821
2658,288178.4721816572
2659,303943.9874763826
2660,327694.08616735594
2661,352220.10445534653
2662,373677.8336310408
2663,284004.6155145292
2664,270693.1365217406
2665,324895.45843235875
2666,288765.1612055249
2667,171363.78423001396
2668,181372.27137773208
2669,179717.84488916307
2670,283071.23854400695
2671,191212.14774721197
2672,191456.07411352565
2673,200632.40850233502
2674,204067.53125772765
2675,176184.93858000578
2676,200963.2772818051
2677,193825.47785338503
2678,254716.37736617957
2679,271868.5913484818
2680,275024.3331141652
2681,438412.1950065576
2682,343381.77790702996
2683,522585.25293485576
2684,319619.23393212794
2685,340705.9483289639
2686,261203.78136455943
2687,317145.05422700575
2688,209514.4740478479
2689,204685.58898388452
2690,457737.7715789278
2691,183981.5817599824
2692,139270.68053797813
2693,188493.05317843612
2694,138987.45424353797
2695,194859.54316102213
2696,189410.15410636
2697,183426.47131283325
2698,193709.4556615295
2699,165540.20822845178
2700,155904.66916055686
2701,139322.790932307
2702,107233.72163616259
2703,127059.71910627226
2704,141040.20122520448
2705,117631.22197315413
2706,114334.21206764437
2707,128363.86165068165
2708,133144.49180747115
2709,106898.54727839032
2710,129043.38710923963
2711,252003.68028995956
2712,406960.1265696659
2713,175585.94489572177
2714,143892.91207456798
2715,173338.41624406006
2716,135840.79770116127
2717,186730.24446325641
2718,223597.34747533963
2719,151743.1454913775
2720,165944.0519348165
2721,131850.76163818664
2722,160007.95213628322
2723,140519.86215800667
2724,130051.12363464836
2725,131067.30847936246
2726,148418.97141850527
2727,179609.43598586746
2728,182004.89846580123
2729,149968.56119286933
2730,143817.27220896672
2731,130982.43839342127
2732,131310.88799945
2733,161644.27985537425
2734,146884.51338811676
2735,135003.79539390223
2736,142536.60176209675
2737,124618.75487054238
2738,140832.98990190224
2739,162311.64471709417
2740,132111.90161748455
2741,145408.87466138994
2742,152875.46755520868
2743,147600.25283804437
2744,168852.24106435306
2745,136499.32467947193
2746,136463.5568166149
2747,143926.30730522278
2748,127656.1951846325
2749,129602.17810655515
2750,129713.09295206776
2751,133018.3873495074
2752,192957.84192287808
2753,153364.56555011738
2754,212799.9194500032
2755,128877.03424691602
2756,84271.19201731663
2757,59185.49986767057
2758,74628.54811166767
2759,158391.29741897318
2760,117857.33390314702
2761,149784.14846284033
2762,147173.0100489319
2763,182844.74479196724
2764,151784.65870650607
2765,278429.5773459974
2766,134141.28495617383
2767,82436.36245655901
2768,133122.42537424105
2769,135613.0359062772
2770,141133.76157493814
2771,110251.09422807168
2772,117535.31487180758
2773,160415.07398093725
2774,144374.21780595125
2775,114465.33391383555
2776,137316.01231770642
2777,153277.91789306214
2778,96856.4781332654
2779,121205.17034407676
2780,93143.54156692357
2781,98458.95832934555
2782,93545.43437584961
2783,102133.20963928512
2784,121963.0270998352
2785,136734.07022612277
2786,65313.51657751075
2787,126558.29001299845
2788,71817.73527248071
2789,165597.2001065803
2790,90257.0856107401
2791,114267.61310817958
2792,61364.8819931051
2793,163197.41404704098
2794,97530.9000216994
2795,126022.648601445
2796,102011.2451729031
2797,209266.350051792
2798,103241.49615412552
2799,109947.53405348386
2800,64334.66548980047
2801,99140.1088988183
2802,126277.09984600246
2803,171694.64821461658
2804,134522.77728417053
2805,103072.66506245789
2806,82154.9966281249
2807,159178.48589169246
2808,146741.3115300344
2809,137994.37310178645
2810,124271.70091457908
2811,162612.28029573214
2812,161230.7426768612
2813,150356.5612131845
2814,155151.78872971976
2815,91584.43111315643
2816,234813.8783436867
2817,148294.82101838806
2818,131257.21251800997
2819,170750.5944300874
2820,137807.33012282092
2821,101046.72743905809
2822,193374.92614338693
2823,318620.05672175554
2824,199123.67815576083
2825,154811.1238171402
2826,135739.27900290393
2827,139906.46975379778
2828,210291.72870806864
2829,205503.40071520978
2830,236978.98419550207
2831,174062.69739085782
2832,249355.8581820389
2833,297186.89652477286
2834,215716.5731058979
2835,223213.51932689277
2836,196899.6799904343
2837,141048.6214147887
2838,154259.6433383492
2839,175830.81974004584
2840,197492.91104978908
2841,209588.57942206226
2842,234591.22327540908
2843,141285.4642901674
2844,158093.64951823058
2845,123975.8370914433
2846,213424.89922884188
2847,204628.27556723982
2848,221947.54279109437
2849,199053.73227131696
2850,283284.6701657422
2851,225357.58668498468
2852,231289.86776796106
2853,242340.6244387001
2854,140913.91943656083
2855,197500.27700095883
2856,202360.800221122
2857,191354.159415477
2858,199314.89233962595
2859,119345.64291113046
2860,126212.40683669547
2861,117827.60883691307
2862,197672.73780353193
2863,129942.70147278432
2864,238222.62433762796
2865,137116.69180230438
2866,143320.78478679815
2867,97043.36253795573
2868,101807.7081710543
2869,110730.24302523748
2870,118163.34979111208
2871,78418.38429026754
2872,49483.13767416876
2873,98416.58234965517
2874,144752.92960751744
2875,114250.90510296646
2876,174433.65021892785
2877,139357.98671727764
2878,162631.27340451375
2879,140711.27694459076
2880,97333.52707581938
2881,153442.91369554933
2882,171326.45086222692
2883,202686.3122411024
2884,193706.59894105972
2885,184020.70513181417
2886,226053.60871430297
2887,91267.3735310461
2888,129882.25020111888
2889,53270.5611354696
2890,72257.4947591969
2891,129932.23831979674
2892,48707.797087338964
2893,79026.06865689227
2894,64542.28346152479
2895,319686.9249127687
2896,282914.68440549163
2897,197393.48461211202
2898,149858.864782653
2899,214566.1291947015
2900,157523.1368110748
2901,216869.48725701816
2902,190777.63757822922
2903,331019.78284143767
2904,366524.3896481593
2905,88666.77325637647
2906,192633.5477543297
2907,109631.97890421642
2908,132922.241848585
2909,158266.25197604182
2910,80558.16706955821
2911,81333.07595237654
2912,142337.30046050617
2913,84589.2862915942
2914,78869.56119380955
2915,84866.396938281
2916,82430.60819070115
2917,168881.67789574142
2918,118058.93750131817
2919,208549.25618491403
