Id,SalePrice
1461,116029.07594045348
1462,177156.32136722328
1463,183685.1363433229
1464,201702.10526415857
1465,197802.3951092869
1466,173219.43610531575
1467,163937.71396871857
1468,170464.42790768726
1469,184111.03242371834
1470,123102.5788317225
1471,181292.9203147217
1472,96904.24909719382
1473,93998.10811803138
1474,148667.56171296834
1475,107282.21991777477
1476,319214.04716512864
1477,254553.00974078657
1478,281045.82839170366
1479,281343.7504641287
1480,382904.15189712576
1481,298302.8146019017
1482,219007.42923708796
1483,180516.03221301793
1484,172955.68224265205
1485,193489.69248724903
1486,204518.68415374882
1487,302753.7165229778
1488,231304.68097495762
1489,204283.0081606175
1490,231352.0911596904
1491,203945.2684858577
1492,90630.11221886962
1493,178432.83199944542
1494,279876.4422204528
1495,274493.05007128755
1496,223887.75360331143
1497,169717.2826365077
1498,174115.50217751428
1499,162694.27236691496
1500,163469.14553259982
1501,189331.23464319337
1502,146834.79885208857
1503,276158.9095545745
1504,236627.27097990474
1505,224777.72423773218
1506,191341.94929525847
1507,240087.72211762954
1508,197857.65221045667
1509,163011.29898918053
1510,159202.74872961213
1511,161353.53975265735
1512,169068.090724723
1513,140568.59318124506
1514,171822.32721413937
1515,191221.55939087574
1516,159485.1253737671
1517,171286.51514686318
1518,123489.51791252258
1519,218365.20047590614
1520,131928.81282110055
1521,140091.5343604821
1522,180925.82444074683
1523,105226.9822601711
1524,105748.96639372097
1525,118799.36573847354
1526,106137.07278783327
1527,106936.9374467679
1528,128681.3259886823
1529,151240.6505435287
1530,196813.08219383948
1531,137393.24381098108
1532,98024.62257424329
1533,157318.64994434072
1534,113673.5924153006
1535,146881.34457411006
1536,99391.55409555492
1537,70728.94533355263
1538,160387.35730870903
1539,200041.43150277293
1540,110830.0950861675
1541,137661.81742016133
1542,134647.3580248296
1543,186692.60195954487
1544,89326.99233933003
1545,112392.24059594003
1546,136694.66056229122
1547,141001.75384453227
1548,129666.1572695998
1549,131725.53839240855
1550,140279.3649141637
1551,104412.86317532622
1552,138059.66267267673
1553,153084.02635594504
1554,107275.36136367367
1555,174659.49448414182
1556,91685.31087433815
1557,105342.68385013848
1558,96761.06964906337
1559,71206.81582350534
1560,125580.2765810832
1561,135435.6432747016
1562,139422.7470990785
1563,125172.0895664536
1564,156801.25255971777
1565,149712.81202969534
1566,222183.61260253988
1567,75051.3991049854
1568,243990.64123644365
1569,134193.81085894888
1570,140339.63040466467
1571,117654.77404717097
1572,143744.57206654054
1573,246155.66038839312
1574,132697.5709905575
1575,225421.56449805174
1576,239508.42560147773
1577,185646.76077178877
1578,138558.72580705158
1579,144088.83006835685
1580,188087.0873051675
1581,159788.1079694142
1582,124991.2190823797
1583,283285.8177995002
1584,218230.31860219123
1585,144032.62232042835
1586,56828.177748195536
1587,104603.30843506847
1588,158062.8765471221
1589,95839.29624784316
1590,131971.34180461313
1591,93121.35427011401
1592,118810.60968573255
1593,114082.41155930096
1594,121252.63235839302
1595,122993.43938355475
1596,218037.17465875193
1597,186210.76234940704
1598,205062.10581955285
1599,172920.9512627338
1600,166929.19557260955
1601,62305.27577994368
1602,116031.36471802305
1603,48178.67478440645
1604,252058.33708528016
1605,233439.09775570652
1606,161064.84254094923
1607,156468.45874219903
1608,223715.08594259826
1609,194306.79651647306
1610,169489.25327376588
1611,147585.55370405337
1612,174921.37964718984
1613,169901.2813857304
1614,123126.51457225811
1615,80919.28254807263
1616,65921.11034021954
1617,82678.7064051499
1618,125069.98868022075
1619,148026.1615364464
1620,172765.36720264694
1621,140262.90832886507
1622,145589.36681222392
1623,241509.01962157432
1624,225008.57644242834
1625,117620.50475640417
1626,181763.86468270086
1627,196064.31776305434
1628,260545.89170997415
1629,176945.20331783206
1630,310033.2192560822
1631,230548.65254272404
1632,239624.98205514904
1633,178966.2933661011
1634,190456.05999351095
1635,179405.38867920754
1636,155108.29237871701
1637,199718.58692401304
1638,196574.2130176231
1639,190564.01538906732
1640,240335.74099112197
1641,186078.1550835999
1642,243260.73127683077
1643,217305.44212913112
1644,223778.78528757556
1645,206328.28885862988
1646,168019.32151067944
1647,160023.29146481224
1648,121782.0877531989
1649,137964.131892512
1650,115013.45282584237
1651,118013.55739089526
1652,99878.27348864943
1653,100733.03453716758
1654,144738.72558796676
1655,137337.06464182513
1656,147716.14494473548
1657,151358.23631171498
1658,156611.94648880832
1659,121043.93992732381
1660,163939.93713652188
1661,368231.2486305542
1662,319321.8136537373
1663,323678.9448893625
1664,416236.7573511885
1665,280978.29119597346
1666,301196.80614205415
1667,338078.8981689736
1668,296582.8728645929
1669,276364.16075171175
1670,299606.6736248025
1671,276196.80286601454
1672,350515.4602347647
1673,286357.23301107273
1674,251940.59292145792
1675,221213.06238268633
1676,215823.1794845133
1677,227785.5368290624
1678,384649.80364830734
1679,328381.0999314246
1680,292657.84031415096
1681,240775.8110163677
1682,293865.741938616
1683,203561.9972144933
1684,180144.51484901307
1685,187104.73083261886
1686,177433.19246618412
1687,178708.11564594647
1688,207074.206344827
1689,200171.88662568605
1690,201293.9226905014
1691,192702.14003243693
1692,241733.8145747952
1693,175804.9266965865
1694,184482.50480729045
1695,160798.8167550762
1696,262606.926142833
1697,167162.5566473862
1698,315541.00240402785
1699,299834.5864439071
1700,263972.509045773
1701,265012.8428732689
1702,243604.47361640062
1703,241102.59366161114
1704,264796.8813162777
1705,247784.96547264932
1706,360534.3802538477
1707,211973.3448039182
1708,207569.21814736794
1709,253446.03777432936
1710,225599.69182552816
1711,262678.9375042436
1712,254343.30435028783
1713,251380.07462400344
1714,219866.3657687762
1715,205903.5875104084
1716,184816.83476626416
1717,178648.44789831375
1718,143590.48186173386
1719,219817.80576444574
1720,235417.55081648967
1721,166479.06313380413
1722,128050.15997245502
1723,160364.50941893877
1724,211195.17571061986
1725,233612.18641666148
1726,188219.54763652672
1727,153524.3888145678
1728,176321.87528528422
1729,169803.89561523905
1730,151019.0477925592
1731,125611.23978107865
1732,138544.64967786567
1733,112920.93513472707
1734,129630.02097580499
1735,120538.69172246181
1736,108116.42969266084
1737,272541.6243467849
1738,246309.73861612432
1739,232926.07019236166
1740,227690.29805174159
1741,200435.63231900876
1742,178282.58935061275
1743,178648.1998606893
1744,287378.2245931114
1745,222071.3870842012
1746,185995.88328916265
1747,217099.2181964847
1748,226529.9370929823
1749,157804.75608999107
1750,134349.66444737965
1751,234713.1095667397
1752,109917.53637429772
1753,150042.3942875597
1754,195175.36155129343
1755,172999.47567287844
1756,138081.73198852513
1757,120263.06657569166
1758,152587.89620696814
1759,165393.79090394845
1760,171166.80664267638
1761,159527.3639399749
1762,174342.9633762702
1763,190072.1438323469
1764,111201.10438155741
1765,166772.73642480696
1766,186153.20489908234
1767,216080.055577819
1768,145203.90840200894
1769,162874.89863124615
1770,163794.40372823004
1771,124190.41071728567
1772,141299.58112626796
1773,132813.52803779504
1774,160967.86452390256
1775,146194.1529953498
1776,127743.9114032326
1777,100299.59693580393
1778,145298.99112565946
1779,141132.5231775108
1780,162996.02520429023
1781,125101.83717692693
1782,93495.67371719982
1783,153583.33990917742
1784,115472.49406834703
1785,124837.75833840805
1786,147265.2654667696
1787,170036.1625447051
1788,59397.57129682813
1789,107858.07635450587
1790,84431.50485454264
1791,193148.33967222107
1792,150946.6067241404
1793,131973.4352494096
1794,164373.39505573246
1795,140601.56251419376
1796,134981.62380910912
1797,118644.20733317215
1798,123697.1155850375
1799,110027.1219470464
1800,131417.91101010353
1801,124491.11609066334
1802,129504.58406962114
1803,155263.3662514878
1804,138355.38295811415
1805,137723.0395319246
1806,125994.86935311534
1807,137940.94941042567
1808,126290.14039433261
1809,127893.62842995331
1810,139034.79033889947
1811,74449.05901577768
1812,97696.67538968561
1813,112310.94220506637
1814,96287.30565424087
1815,38680.99891522268
1816,100850.06334981887
1817,126928.46682434216
1818,160438.4872862454
1819,142476.6682573829
1820,55948.1990139765
1821,95484.74751474251
1822,156950.68696882052
1823,30826.8899843487
1824,147152.47806173068
1825,141887.97250464404
1826,122459.63948630381
1827,96363.25907649686
1828,139915.9056064758
1829,147533.11713692592
1830,151944.8814526193
1831,137102.52191904327
1832,80763.16008598873
1833,144322.59316119872
1834,121990.81624161443
1835,150425.26757196727
1836,127746.61122870263
1837,104042.10580116592
1838,112977.31599787623
1839,88281.4693907334
1840,134324.14751567767
1841,129302.92999947071
1842,93953.55487801896
1843,149217.40261235903
1844,138674.40790122244
1845,145736.4821175499
1846,155031.14958558622
1847,169833.73590886217
1848,38862.53150687119
1849,96258.00015281918
1850,115443.37028085726
1851,160894.1020506426
1852,128732.8994388441
1853,136143.013249934
1854,170394.4732816381
1855,161024.72518698536
1856,227432.5995807522
1857,135754.3828710299
1858,134418.9608661931
1859,113127.3959841234
1860,155227.31995724147
1861,117948.69096875555
1862,265183.70576731634
1863,257444.5840799326
1864,257462.71588951378
1865,300802.99721383606
1866,282597.45755253214
1867,217715.5191673714
1868,271217.22713217494
1869,207411.38006092317
1870,217902.81943649525
1871,236200.34297636797
1872,190238.39579873442
1873,242122.65492394875
1874,144207.20385828454
1875,190439.1189144056
1876,199439.3000505379
1877,207349.92437649338
1878,208139.02690872556
1879,136550.02716725346
1880,130775.23147480167
1881,243899.36376840953
1882,239188.9500193026
1883,185778.73829869254
1884,196482.59872297492
1885,227590.8324745807
1886,253620.17262212335
1887,217425.4267746975
1888,248686.7371754247
1889,190889.04197459732
1890,118462.48772031687
1891,110942.28552042204
1892,98253.36006465579
1893,129403.5233362757
1894,131929.8509310613
1895,145908.94477250465
1896,122337.70884917917
1897,125838.25902305488
1898,118604.78885493416
1899,165765.63310157918
1900,159909.89250447857
1901,158540.01672704646
1902,159188.17924608188
1903,197307.07097537455
1904,152516.84127786293
1905,202368.44567502826
1906,143178.5794943799
1907,235098.48479363907
1908,103339.07382943305
1909,133482.63165325057
1910,121283.35071153133
1911,214167.63477632095
1912,280432.2570226614
1913,175707.07000788153
1914,50670.6406306023
1915,285823.12973841286
1916,38672.50873975377
1917,252724.61158520362
1918,137895.30206198158
1919,169695.4242169158
1920,158025.61769833777
1921,325587.0801566314
1922,288669.5122146489
1923,234006.28652307432
1924,246614.78840668892
1925,209480.05315749234
1926,325837.2544841684
1927,137175.2172461334
1928,164631.93518948415
1929,125333.48608196503
1930,129849.63906233793
1931,141382.87819218478
1932,145227.99910743505
1933,190869.76833988063
1934,181950.81753433094
1935,184499.08871392455
1936,193066.11907514627
1937,178045.19455738063
1938,173386.83099895957
1939,251544.25735484436
1940,194068.7151131627
1941,176542.23602094612
1942,178173.05474921854
1943,213622.55559791502
1944,316017.9229340437
1945,323141.9423649004
1946,145844.77946261232
1947,299185.97117483447
1948,181720.4138332378
1949,228256.2436248576
1950,184642.31436868553
1951,251094.50879356574
1952,221034.91933884122
1953,195746.599097889
1954,185513.72502743395
1955,144181.68052108437
1956,267488.40874294547
1957,154667.21167797438
1958,264697.4147745692
1959,135761.41258431762
1960,103935.50084051103
1961,129876.45295174414
1962,91019.81422013063
1963,106313.21065363628
1964,103285.82054942872
1965,141667.50098563248
1966,139348.0915347229
1967,289074.92033424845
1968,352472.45621892426
1969,324113.7798773195
1970,343995.36328543164
1971,382332.80388776737
1972,337950.9986319473
1973,285119.18673917267
1974,307118.2689011176
1975,382370.54881647043
1976,270969.151870931
1977,321460.8043981398
1978,312853.70288763056
1979,293724.51626610017
1980,219373.31264350473
1981,305294.50382112805
1982,227840.75283609296
1983,213624.964768763
1984,188098.6477923693
1985,214919.02436638347
1986,204652.5358911429
1987,191573.65239657217
1988,188271.89195777872
1989,201165.89817903578
1990,215848.97515016532
1991,238559.59017600506
1992,221590.96443931275
1993,171059.68167900303
1994,216467.16833455942
1995,191039.8280301613
1996,270489.52518046054
1997,287021.7264789965
1998,298962.3614760373
1999,273897.67606037983
2000,289126.69335549267
2001,287263.4357527408
2002,235533.23186233806
2003,262835.8522548436
2004,286866.94406022434
2005,226284.01956326154
2006,219565.43924198745
2007,241766.6140142292
2008,237054.93598454664
2009,205147.0023148051
2010,198980.1380323955
2011,143081.34539815644
2012,177866.8582051145
2013,189512.54327836473
2014,192932.133599185
2015,216187.59435852664
2016,199856.9730592344
2017,199931.40437903407
2018,124900.7704088078
2019,138249.59693895385
2020,94890.53081153089
2021,105864.4807214561
2022,197583.8410150965
2023,138487.11283327904
2024,277333.52365678834
2025,320197.0659149275
2026,175828.00572270696
2027,162876.50015705058
2028,148806.0984152372
2029,165254.4624489115
2030,244897.95743632023
2031,219303.22909388316
2032,226659.06830126964
2033,233928.91045233177
2034,168391.90422869366
2035,221611.53088312753
2036,196221.1150201915
2037,204569.0703287129
2038,258838.97159228305
2039,227711.87562921736
2040,290288.9900299964
2041,267993.91620104667
2042,201672.4127924009
2043,171112.54425619985
2044,170039.69360873898
2045,203599.2351775542
2046,143706.04743068703
2047,143115.87730468722
2048,147235.0258967917
2049,141480.30150058
2050,166210.6139985764
2051,99839.4216120934
2052,116048.95516261325
2053,143689.35761909912
2054,100401.50851581161
2055,155835.09147603522
2056,148746.75201684382
2057,110238.35791339258
2058,221857.3839821015
2059,140461.19225219643
2060,170326.7841522784
2061,172050.92592148195
2062,126031.60070003607
2063,121690.04316132236
2064,145579.64734687633
2065,132655.95709447027
2066,170120.3858643894
2067,108176.77306556227
2068,142386.40369581705
2069,86371.76557842619
2070,114859.96976566358
2071,114117.60519915873
2072,155172.81319960539
2073,131567.3952196422
2074,188667.42834900462
2075,146039.50561287408
2076,114649.3560656621
2077,167933.716550037
2078,125410.70142705279
2079,126473.25138852732
2080,109151.78193406362
2081,121315.66033252934
2082,125141.8246030689
2083,139751.47442617046
2084,103107.6339322931
2085,112736.14723727058
2086,115423.13316113123
2087,111239.64781379967
2088,111422.45263278343
2089,73269.89335957867
2090,129286.52534608176
2091,117881.4755639382
2092,123750.8621327322
2093,117842.97411496195
2094,120889.28227682036
2095,154096.41748524655
2096,77976.81590759603
2097,99354.21932240391
2098,147552.61229231895
2099,44085.30782616857
2100,65514.85098336701
2101,116291.99026162067
2102,115193.69501211244
2103,101180.45020887975
2104,131560.68288686173
2105,138797.58347137008
2106,57513.25827784346
2107,195474.09512834964
2108,110639.88890963871
2109,105400.08050044351
2110,133397.2903316066
2111,131803.72201638212
2112,141572.17868029955
2113,121122.68179680382
2114,117958.79669969184
2115,153645.31527755022
2116,120265.54302090424
2117,143257.54744223575
2118,123392.26600455803
2119,113348.10041360653
2120,120291.61030171582
2121,81794.42085377016
2122,129613.89203231047
2123,66810.61871607593
2124,157681.8338422718
2125,136525.5557829804
2126,163605.29896373657
2127,161121.5581878571
2128,135824.445393292
2129,70510.4526062337
2130,136921.57774134743
2131,143060.07238800148
2132,115127.54504323628
2133,123607.99392232447
2134,137787.15387869085
2135,93945.01855768944
2136,80498.2947854704
2137,110616.87455002501
2138,133474.47736632547
2139,152318.77457316784
2140,145928.36437798274
2141,150119.41824268684
2142,130375.2405138451
2143,147119.8941170278
2144,128758.51126044145
2145,144076.6421492694
2146,173158.50163380257
2147,162724.40249502021
2148,134276.21556629482
2149,149345.33451851143
2150,213137.69781396113
2151,119193.21406784224
2152,173273.87866368625
2153,175364.27906548398
2154,98017.72682757217
2155,150780.8913039034
2156,243905.10831725376
2157,230301.77686445226
2158,229479.42080749734
2159,209121.25124365423
2160,202575.89206906303
2161,231583.2276505758
2162,318863.99474052596
2163,307956.1123811783
2164,235289.8579857387
2165,194394.84410292952
2166,158191.01615003968
2167,212208.66066610964
2168,198518.9306082221
2169,199452.5813276374
2170,215373.04205062412
2171,150806.57001507477
2172,133804.24031899654
2173,161563.40599177257
2174,217894.15163290594
2175,270525.69391282194
2176,267306.58727508044
2177,236424.85373624816
2178,214205.7730074726
2179,137194.45407304703
2180,200243.55335119303
2181,195509.89904187893
2182,216182.68191209802
2183,190396.343272124
2184,119529.32838560872
2185,132411.6306257363
2186,154849.6392145458
2187,158001.44288883483
2188,159813.05181121375
2189,276425.9860646031
2190,68344.14112986131
2191,74197.03523171417
2192,90461.34752918959
2193,118827.5496762034
2194,108983.82549063512
2195,116343.51343389027
2196,100580.92422481143
2197,120870.63167918718
2198,150170.0939807312
2199,178410.72036298364
2200,161569.1026521439
2201,149971.1303662253
2202,199094.02616309363
2203,161135.9206559677
2204,170741.79876115776
2205,115336.92298921432
2206,157972.4776989243
2207,219359.03324427493
2208,230647.43660178647
2209,231874.82483236783
2210,117662.54000242104
2211,111823.22063292976
2212,111429.3446640007
2213,104875.9613448729
2214,125769.35055646907
2215,96584.49456861964
2216,150378.5375586947
2217,64745.0766264874
2218,79202.23450005485
2219,54327.21706456637
2220,53775.97472438426
2221,288512.0520372369
2222,261601.24520105455
2223,259223.26875298898
2224,207188.4227739243
2225,109693.4807517902
2226,193084.09158350967
2227,207673.60617187503
2228,259197.4333043187
2229,257305.27693002264
2230,159300.19112940124
2231,227706.65621384725
2232,183524.00732572025
2233,197013.74640695297
2234,244796.83595212727
2235,219850.72859561766
2236,253743.48435153475
2237,293438.2068532705
2238,191866.98128220628
2239,95639.96814925034
2240,149635.32579906515
2241,157718.43352883164
2242,125080.98453045869
2243,126271.8133723698
2244,112534.65495135699
2245,114180.85412884978
2246,135917.5733021752
2247,105795.70911464875
2248,117794.73592312893
2249,123078.52287708275
2250,127105.99056106963
2251,127714.4124804028
2252,183564.11221982658
2253,157358.19989732734
2254,173266.24313695225
2255,186588.27138413768
2256,177429.0690385592
2257,199476.09520905992
2258,155907.71104173886
2259,175322.5765630205
2260,134563.56460946403
2261,200898.86135092244
2262,225848.46390647403
2263,329369.7711434143
2264,391551.56803408044
2265,155536.55836971803
2266,263511.5541275422
2267,327252.19862938
2268,386370.5057947552
2269,149850.42619747118
2270,200381.3204994293
2271,215389.53300585112
2272,220345.57034675017
2273,166977.1599203133
2274,190568.20782584167
2275,182003.54742730258
2276,200774.52230340298
2277,189274.88720957615
2278,146524.02955233576
2279,127080.06022192392
2280,103365.48849541432
2281,166757.39565234166
2282,172947.26471616953
2283,107006.60975196917
2284,111404.60741988345
2285,141211.94511748262
2286,125237.53000547118
2287,318349.6420461302
2288,281322.75894020416
2289,316676.23094656377
2290,369888.801603753
2291,305296.0269565495
2292,339849.10934843833
2293,369140.7218391501
2294,331535.1756660276
2295,391003.804442438
2296,280725.85871059244
2297,318886.03313727916
2298,307573.00625656126
2299,323194.57096278376
2300,299676.7724131916
2301,298803.5488535202
2302,252906.49216837168
2303,241378.80908668533
2304,259264.98633143195
2305,227316.19585975725
2306,215816.53982065147
2307,220977.94251651943
2308,227570.17073662553
2309,263201.41664700734
2310,228280.6966382456
2311,218185.53877599275
2312,182225.29327625284
2313,175800.5674456658
2314,191361.5020303401
2315,191130.5382167688
2316,208955.9071256842
2317,192693.15746560835
2318,198678.06687866495
2319,198732.58471795512
2320,186958.48312549066
2321,224752.99622811706
2322,200068.08280896503
2323,187757.63598055628
2324,194149.38576353964
2325,211833.51071570834
2326,176720.66644352942
2327,210084.96544553462
2328,222509.69352129998
2329,188304.66821273873
2330,183524.69241379548
2331,322245.8577807385
2332,327417.76814046607
2333,294996.9156966782
2334,265306.50402703986
2335,267620.55604286946
2336,296065.1866653932
2337,206226.55016768115
2338,259010.07763565704
2339,229673.36216743928
2340,341669.6972346165
2341,221029.2005344641
2342,230085.22819903604
2343,232563.9011028824
2344,219665.9122290715
2345,232639.3461325779
2346,214051.63772134142
2347,206528.16097753536
2348,241221.86050265463
2349,197165.93052632417
2350,283253.44955129107
2351,259405.00397377502
2352,240004.89266994855
2353,253405.22295772575
2354,151076.25953552988
2355,148447.5884308096
2356,161807.4987262954
2357,194269.06051316453
2358,195947.49600500238
2359,120116.71612962133
2360,113983.3230246595
2361,148878.19287154483
2362,254958.37271334993
2363,136196.78172829875
2364,176040.63962458482
2365,209900.75020515686
2366,199051.57635939305
2367,215414.87783345528
2368,215113.1570358438
2369,207883.41848657758
2370,166591.92912679655
2371,165853.46995544364
2372,201838.85698167337
2373,262092.65465738974
2374,272229.91616716585
2375,225573.69797487557
2376,280911.40284097835
2377,303620.0568180897
2378,145353.9161246735
2379,220437.22218352975
2380,151273.1510454405
2381,181250.86607199805
2382,201326.44668543444
2383,200641.83809091157
2384,241773.0303597918
2385,166307.68887374716
2386,139495.48175004523
2387,135035.45606030675
2388,99064.49711210524
2389,136022.92929118717
2390,151304.4268206674
2391,146914.05517959717
2392,123979.55402656444
2393,162889.29380083282
2394,137298.72237030842
2395,198422.3798493453
2396,139025.5087318747
2397,206772.06965206162
2398,126264.87436501519
2399,67345.1995746881
2400,68023.35733682443
2401,119917.14038330005
2402,134635.24736402163
2403,143978.52127377692
2404,146173.5930486119
2405,168939.361162834
2406,143833.9000283687
2407,118608.94337627135
2408,141740.6165515133
2409,122457.43281695218
2410,172150.32208393732
2411,110852.73979418312
2412,158790.3056966225
2413,131541.3047179244
2414,147514.47092362776
2415,142014.1903502223
2416,127233.46416038195
2417,129777.72881063371
2418,130873.42869542274
2419,127220.69093036649
2420,123070.8383229209
2421,144001.06053079184
2422,107980.24082820298
2423,117972.73990184482
2424,150914.34565831156
2425,228670.64577767038
2426,141560.77668583006
2427,139909.5196554162
2428,177158.62280361762
2429,103452.3022513462
2430,133208.69013867114
2431,112647.01065613123
2432,150285.9686237468
2433,145730.7872848361
2434,149587.96583581538
2435,163853.69449082616
2436,115061.31094797344
2437,110243.9086505212
2438,118034.70493415406
2439,102479.38497452825
2440,126787.76167679745
2441,93300.2583309432
2442,98501.26760428704
2443,130467.95703420487
2444,151624.29430611618
2445,92447.00420683694
2446,135944.14540115668
2447,184458.11300318965
2448,131921.26813838707
2449,118948.23454835408
2450,149290.9551881642
2451,148580.73551552137
2452,184959.37414544364
2453,81862.08282767885
2454,125847.91125221709
2455,139147.08357252547
2456,124313.36692307252
2457,125753.14214839015
2458,133548.56070500956
2459,111602.9859492553
2460,142270.9312067778
2461,121672.59193098982
2462,126162.51455773752
2463,132357.82083327282
2464,167526.44529927042
2465,145130.63917923853
2466,121953.9657951861
2467,135755.88605080778
2468,86770.33578335117
2469,88722.0078579455
2470,188523.37127417157
2471,191067.12525434612
2472,168923.1612176193
2473,105064.18555930702
2474,74509.26113777366
2475,201742.9633744627
2476,105890.1906975738
2477,121735.3369502431
2478,154942.06638237453
2479,107607.85407802521
2480,157320.72518753944
2481,130047.89193487348
2482,122973.59322759301
2483,114839.61923962555
2484,129761.52622605636
2485,121235.90327732934
2486,170851.07854390115
2487,207959.50079269547
2488,158933.84107585243
2489,157775.8882855346
2490,146271.56633372582
2491,75624.31855778628
2492,188498.2509866825
2493,157699.5411843635
2494,143119.47116282056
2495,77310.6949370693
2496,236678.24634569808
2497,150914.36623952782
2498,109273.65154748746
2499,86147.83779154134
2500,120379.43812886832
2501,128136.7225505716
2502,149188.2505288547
2503,103315.41126542563
2504,176536.49153017587
2505,220709.6208681569
2506,250211.56919643993
2507,273627.31234134693
2508,248934.89819930244
2509,214109.03279919486
2510,211815.26243061366
2511,176971.9023468893
2512,201880.93397688802
2513,216335.06837580848
2514,274774.97308366676
2515,153061.89955219475
2516,179423.7310662296
2517,145673.54442724586
2518,153220.22904907237
2519,225833.09687360947
2520,213717.80979025993
2521,188509.3608155201
2522,221977.63208997907
2523,127633.02159619954
2524,146363.15209441996
2525,153569.1627798993
2526,157993.52832545503
2527,122871.88267512491
2528,142291.03560086884
2529,145288.0806914062
2530,124281.50578948515
2531,232438.90290942942
2532,220271.72142825517
2533,204034.63094766703
2534,230263.4280083345
2535,262167.4818841115
2536,227356.5787881033
2537,231096.64907781404
2538,194025.44817563522
2539,181711.30659909963
2540,191900.1673565489
2541,187877.89888217775
2542,173392.44335937226
2543,129871.90278217112
2544,125445.36742840978
2545,143589.12356735085
2546,130382.28241474641
2547,145748.2899781783
2548,151743.4464039461
2549,174855.17687243698
2550,573237.0684118108
2551,148166.89720329054
2552,118691.6499513025
2553,55612.96614104428
2554,85723.06198935096
2555,123683.8897874922
2556,100178.28533825834
2557,110097.54318684616
2558,180032.0910396023
2559,153976.59762556036
2560,161916.69702225522
2561,151927.1316119453
2562,150603.83343612705
2563,147794.6840669879
2564,185815.12884229183
2565,142034.22158124633
2566,171025.05387826695
2567,137275.04001341196
2568,207969.3488050464
2569,216120.17505560198
2570,115427.30136406579
2571,192934.21618373794
2572,143428.3886639484
2573,220130.881186892
2574,261197.51755490148
2575,138170.30266927913
2576,122521.69518172435
2577,134492.31601148655
2578,76880.57082526591
2579,33957.59169832716
2580,91305.4832191282
2581,131372.65607524378
2582,120498.21575105547
2583,271792.7468443333
2584,178667.7843111694
2585,202797.16359622806
2586,218440.55403255962
2587,193434.74969454738
2588,135440.01703074807
2589,148848.29291402097
2590,209466.88013010187
2591,227856.20065552057
2592,217043.662346972
2593,256661.9635430672
2594,180496.1158704754
2595,200624.86205447925
2596,282788.51427672076
2597,192822.79587473176
2598,270046.6717481524
2599,335539.80040835246
2600,157619.05686529668
2601,137790.16111513675
2602,74933.15789043836
2603,106553.06340401983
2604,85752.99849442703
2605,70325.70636008761
2606,160592.5458187729
2607,211910.63684098393
2608,198497.60278727114
2609,170408.4246708775
2610,103914.36028259275
2611,158768.17594723534
2612,155965.2854213159
2613,128590.99941017409
2614,115143.29639123082
2615,160029.37706628483
2616,159394.677006068
2617,192694.45159709713
2618,226380.47026347445
2619,195666.0131537579
2620,188213.22060711842
2621,167713.93973575352
2622,186938.0439218366
2623,229868.0734113159
2624,281222.88367313216
2625,273260.05109892366
2626,165626.3993559971
2627,165790.76434526566
2628,368324.1944815289
2629,393569.2893980008
2630,330638.17256872053
2631,378584.06401691074
2632,350892.4578151315
2633,276186.39458653866
2634,338354.96083171817
2635,158550.22854583652
2636,184147.66909858165
2637,184445.24429461345
2638,262982.0469555946
2639,186502.91913995327
2640,155593.29003100784
2641,100817.08450587036
2642,174721.60883849568
2643,104421.35035253697
2644,123670.3647837425
2645,106150.06742804663
2646,96451.01856354321
2647,100343.36573988757
2648,143581.49771612044
2649,153711.47577124243
2650,129139.8093800398
2651,146024.34000876587
2652,340893.06158510497
2653,252366.12254497665
2654,263814.79042241594
2655,335187.3915997036
2656,316252.3576572749
2657,315835.85674925585
2658,295403.707510842
2659,290295.5064837107
2660,330767.788906203
2661,308665.42208108923
2662,321556.80392985523
2663,280876.67178837134
2664,252269.98285871706
2665,295238.8637610597
2666,270637.46840589313
2667,185583.35472014153
2668,187672.1601720638
2669,192510.35797069292
2670,265864.85658598936
2671,194776.90253367898
2672,201134.11433964636
2673,196421.62722763894
2674,195228.8092067552
2675,181449.95201036846
2676,199133.59719305686
2677,192965.95364388844
2678,235963.95813514735
2679,273098.6266381579
2680,281968.6155983109
2681,327798.77215696743
2682,303558.7557223897
2683,385638.6441357323
2684,290918.63831379067
2685,291719.8197156562
2686,271577.96156694967
2687,276434.9587513349
2688,219239.08126375458
2689,205415.06735973462
2690,331891.1875786638
2691,193864.04785264898
2692,148455.18395829594
2693,210389.19964320725
2694,141655.19676528726
2695,202784.73265150608
2696,190835.84946050437
2697,185385.28630424457
2698,203871.61194639656
2699,173466.35255400126
2700,156107.12370660462
2701,157524.28123477058
2702,117463.19360334039
2703,107951.89680175757
2704,142213.4099788611
2705,105963.70094013197
2706,104556.09508328412
2707,116725.32710002676
2708,127753.43819858888
2709,102214.86722771922
2710,125334.023333058
2711,281296.8609935092
2712,325892.3357576617
2713,175036.20223563377
2714,151410.90787879378
2715,170299.10032229236
2716,141764.0292734704
2717,210400.16535231247
2718,223606.12217603833
2719,153341.26607515506
2720,172056.94782519262
2721,133543.87612749753
2722,168102.71166054605
2723,153692.8929482865
2724,122152.03441287694
2725,122149.9627620514
2726,158347.49028000867
2727,178429.7586226887
2728,179438.54361378946
2729,149360.73744296236
2730,145802.449690801
2731,124953.02449144708
2732,135876.15538458776
2733,159353.01685575748
2734,150510.62456695124
2735,140598.73252630155
2736,143647.83965867737
2737,112730.802444195
2738,124425.72662704327
2739,151277.23579674587
2740,141128.78176975207
2741,138602.91499890992
2742,161508.10207857136
2743,161129.14140486898
2744,162611.02203295782
2745,146905.93711823827
2746,135361.714764874
2747,156506.85403695682
2748,120197.93243686287
2749,131485.340918422
2750,126480.77632900607
2751,133963.62799808406
2752,184943.13176768913
2753,161637.71435400334
2754,219598.1688550703
2755,131919.10665575552
2756,101590.90616907294
2757,74671.22187033546
2758,83733.2494227069
2759,158999.90038577435
2760,128233.43600563795
2761,149147.36086750764
2762,143913.05512651888
2763,188278.9218852566
2764,166373.69570712972
2765,243996.69935391677
2766,125306.89420598162
2767,92138.55412432355
2768,133153.82506453153
2769,141127.12348884344
2770,129045.21557063881
2771,94318.36083987023
2772,102312.24661839586
2773,178681.01363211972
2774,144699.1586516148
2775,121740.49228507234
2776,139293.47950737382
2777,165372.8742170472
2778,113200.4149683128
2779,125037.47107409593
2780,99544.089091634
2781,90508.2437992011
2782,94202.96719515839
2783,101924.50923161508
2784,123455.23656274269
2785,142837.80797863816
2786,58122.89164060561
2787,115471.55643319007
2788,66502.17365093686
2789,170859.4332137634
2790,100204.2972974197
2791,114076.69174807344
2792,54140.332756081625
2793,157403.96441145297
2794,91589.99143523461
2795,118999.04153225625
2796,100320.90991617387
2797,192354.6833901113
2798,102064.89200660508
2799,112286.57123468975
2800,66623.22777371544
2801,96075.64238308565
2802,133707.4637618336
2803,167440.37704613185
2804,132597.15706105507
2805,98223.89694505205
2806,79925.97334405362
2807,178792.21376394524
2808,159514.3667073922
2809,120839.08780515485
2810,128107.35620570174
2811,166803.5468970858
2812,159431.51615386753
2813,160257.51377362607
2814,162308.65137454987
2815,96191.68584291224
2816,215751.26030277042
2817,164801.71420666866
2818,134251.1419168289
2819,176161.78366523696
2820,143364.1280969884
2821,116409.52264571331
2822,175557.2269679312
2823,277036.8602227005
2824,185970.3468343825
2825,159481.06711075286
2826,140210.60118433024
2827,135575.37805340014
2828,227695.95835108066
2829,202629.17654620268
2830,237325.98400368204
2831,181569.224193952
2832,246442.06108827319
2833,269931.11769022956
2834,223053.33590392474
2835,216456.25352661335
2836,202344.4247205703
2837,167234.69295849497
2838,144623.28572734917
2839,192418.2481233401
2840,192323.2825796583
2841,201681.2178864256
2842,228510.15418716246
2843,154013.48276280015
2844,168278.53318301195
2845,116186.71358838247
2846,208506.7198668111
2847,210036.0029226407
2848,213659.5696584883
2849,203891.0225465345
2850,258671.1181177309
2851,202763.57243528357
2852,228601.94907450725
2853,232139.86291981558
2854,146010.68230920777
2855,196984.8301990901
2856,207806.34118265143
2857,187387.10253923206
2858,203664.20137804106
2859,120959.75346935444
2860,131902.61447332817
2861,129446.61991744579
2862,213736.10924775284
2863,136767.9128922174
2864,246245.39763209314
2865,146548.73497085387
2866,138799.91224480775
2867,89890.20534979482
2868,109669.75187233333
2869,96571.10529359596
2870,124369.43424159026
2871,85267.5613807814
2872,40995.87665937611
2873,102630.3377093646
2874,127439.48463404173
2875,109218.40073997836
2876,158578.46066118247
2877,140896.06814498844
2878,165079.0875909574
2879,145413.10549044338
2880,99729.06970601194
2881,149601.72565736572
2882,172585.29552474865
2883,202526.39162315824
2884,183411.5642075553
2885,180691.8690900534
2886,225842.8609920962
2887,95446.11055653944
2888,144224.41949195514
2889,47743.595889932534
2890,66551.29105687508
2891,142555.67127391516
2892,18428.40167349801
2893,56071.38698877211
2894,31411.995775753574
2895,291551.6745624932
2896,261488.7571073352
2897,191967.95610657264
2898,133564.58206399326
2899,203638.54328374038
2900,164072.30337879923
2901,204881.7494910824
2902,176209.28531226845
2903,291303.00218290323
2904,312650.2762219447
2905,71269.45300920833
2906,190537.6938968428
2907,114344.20691169554
2908,123116.50908542311
2909,134225.67582593812
2910,75164.44359133583
2911,75115.13062069181
2912,158286.39331531184
2913,67632.2367558508
2914,60244.11422035268
2915,71775.69059924161
2916,70784.84770557261
2917,174368.1344421694
2918,116068.01293359727
2919,219001.61867715677
