Id,SalePrice
1461,123566.54965774146
1462,163647.57026156617
1463,182052.32147978654
1464,198539.19845010331
1465,203680.05250164936
1466,168436.70699298603
1467,171003.47970865885
1468,164276.64895852577
1469,182235.08592426317
1470,120171.72435454781
1471,189198.7007311798
1472,96550.57002787842
1473,96066.59965051358
1474,144828.0943877451
1475,109761.2432461182
1476,354403.9824594064
1477,255234.90091794974
1478,292414.7479107596
1479,291944.65197761456
1480,474899.9369803387
1481,334301.04626336496
1482,220251.67317795823
1483,178397.79840376554
1484,165636.51043385194
1485,193196.9066678051
1486,196623.5158393234
1487,337677.0300889366
1488,227919.50290439694
1489,194215.19974330754
1490,242084.61423399413
1491,198467.443016737
1492,94322.40337714014
1493,171775.312183046
1494,293572.9468533116
1495,286364.03910458303
1496,233805.4187184781
1497,170463.1633950986
1498,185279.41309342172
1499,160054.51086521675
1500,159922.60244721925
1501,174197.8790908338
1502,144353.54510835747
1503,293010.6981129232
1504,240407.25895157375
1505,226560.6051641717
1506,192190.13568237788
1507,241720.13843161758
1508,203173.92222400985
1509,156447.96450862146
1510,148451.2329449757
1511,163852.42866767524
1512,173835.61905271778
1513,139494.01265280237
1514,159723.83993029152
1515,182958.33714114645
1516,153676.98852231982
1517,166021.4931566884
1518,130883.86160789143
1519,207884.83090758912
1520,130419.9906641216
1521,132791.8561038222
1522,176453.7780149762
1523,109944.09006046268
1524,116753.82599260102
1525,118296.82462836777
1526,112138.00723419151
1527,104106.07274108377
1528,126036.0228505099
1529,154659.4987128935
1530,184898.71517090555
1531,115973.23481917071
1532,95394.22625542259
1533,154820.26077238898
1534,108999.52996803685
1535,143643.58138534368
1536,107731.28935258545
1537,65204.33972738712
1538,157761.05529395904
1539,194981.12617179044
1540,87125.87459887708
1541,141249.1496529511
1542,143974.33970999593
1543,186948.41049896847
1544,86331.37993490876
1545,113640.70531261315
1546,143781.85838667763
1547,140834.90619923262
1548,132256.0115071919
1549,124775.2647766551
1550,136149.75056950378
1551,98906.04301307813
1552,138731.43300485399
1553,148866.77587497482
1554,115849.36031934834
1555,172934.4686871313
1556,90511.72031332874
1557,108363.67684121203
1558,99811.3984828395
1559,63077.75436610582
1560,136572.93790916464
1561,124207.6858916443
1562,133879.58228839553
1563,120041.29335062376
1564,158361.61562909337
1565,149410.6184893636
1566,228242.42201952075
1567,74419.84976350429
1568,252191.67635410262
1569,138437.1504206437
1570,139088.2111658761
1571,122735.90181810272
1572,139291.70615181845
1573,239453.70453151478
1574,129234.0290158986
1575,222952.77136488043
1576,239729.24328264032
1577,181195.6018975993
1578,137117.96659909733
1579,148278.7271209271
1580,192935.2732052495
1581,159414.23831894028
1582,124547.49304158475
1583,301085.0388983946
1584,215727.48397339555
1585,139351.98161143073
1586,71125.42386954356
1587,107331.14052527821
1588,148799.2297299689
1589,97044.4964954635
1590,130681.15146712872
1591,96746.23573609005
1592,110198.2069724115
1593,118666.10434839418
1594,117693.77652768303
1595,111867.49684261292
1596,217250.68496119342
1597,197550.86752049107
1598,221705.44643401206
1599,170535.88616623444
1600,168726.41235523822
1601,70984.1077391261
1602,119549.82302237288
1603,63594.73589913378
1604,267990.09298809915
1605,238103.7660721542
1606,166880.22199649454
1607,172299.70639860557
1608,225211.88716354535
1609,180229.71277870174
1610,156993.78609960375
1611,143699.00285186525
1612,172037.7736587614
1613,165966.48064960548
1614,118496.1098880638
1615,87979.1389380085
1616,77439.63348580399
1617,90064.01810223263
1618,133440.59199115637
1619,138068.91800132522
1620,167625.17795762097
1621,134011.930367537
1622,141136.0512499184
1623,247686.78536877464
1624,222082.2005768733
1625,115632.10866951184
1626,173601.28912035003
1627,193555.25135417303
1628,268292.52793080657
1629,179539.2544077021
1630,349940.3269796993
1631,235765.18240469112
1632,250030.36606477518
1633,171751.4476856302
1634,185499.6975163188
1635,175747.58645288792
1636,150910.9451251634
1637,200959.72649014287
1638,186157.30115599025
1639,184038.17237500852
1640,242899.18398904082
1641,179307.74813800465
1642,246273.1035962479
1643,221802.33639281732
1644,229717.79580973374
1645,206690.35883550812
1646,157162.45950663427
1647,151267.08180120165
1648,127533.64900452322
1649,140130.43805404956
1650,112490.51506569074
1651,119025.21033868656
1652,98778.18912844018
1653,100601.98808968789
1654,142202.02023825867
1655,135075.7470971468
1656,143799.72612666758
1657,147377.12214459036
1658,149268.80407797996
1659,117497.43426200091
1660,156727.37843746194
1661,450888.46363144065
1662,355261.5281928255
1663,363233.6848227282
1664,558052.2195589694
1665,290237.05088432966
1666,309498.3566357926
1667,378994.36080973316
1668,326779.158367874
1669,295105.23275586875
1670,328895.740216492
1671,277828.6907182173
1672,407203.8476739177
1673,302650.2798313256
1674,246531.9366499837
1675,211173.44022882482
1676,207368.44484842374
1677,228647.78279502114
1678,447454.8667756794
1679,374340.4638612346
1680,314789.6483849806
1681,234866.24612248983
1682,310325.69214869407
1683,190833.62676282792
1684,178668.28478045762
1685,178933.13132690362
1686,172498.5896945074
1687,170406.54499148633
1688,195093.4113674749
1689,193847.3920383021
1690,200311.3427239124
1691,190357.16728385165
1692,251367.93253610685
1693,174407.69223230483
1694,183134.71650960422
1695,159517.9372384632
1696,277783.64879361796
1697,164905.7367021836
1698,346119.87657944544
1699,317715.03742659034
1700,256345.86037185058
1701,268577.61975888186
1702,244012.00518408496
1703,242270.36380883527
1704,272865.0899561632
1705,241243.93362544075
1706,367974.82080320973
1707,206588.97372798162
1708,205392.4108178447
1709,270456.2773755411
1710,226270.2580765115
1711,279845.0451518785
1712,259004.63213680353
1713,265586.11437832715
1714,216712.88884127451
1715,206653.5334473452
1716,181035.25074190207
1717,175852.36310523606
1718,136002.24734432335
1719,209550.32870640387
1720,221996.3231543794
1721,156202.16443576798
1722,122542.23831593577
1723,153104.04539886958
1724,201025.5218915155
1725,235633.54448206414
1726,185255.68696994486
1727,156087.75883845496
1728,162891.17453539438
1729,168877.20096804295
1730,142580.22890276238
1731,121782.81478177547
1732,129184.0573688321
1733,111748.4422159262
1734,123478.49715982728
1735,118696.57937723996
1736,108875.95407218323
1737,282065.7747095068
1738,253343.9422036525
1739,229080.4950407303
1740,227888.58052318366
1741,199679.47312600006
1742,168688.90786032806
1743,175793.49484641175
1744,311915.56408759725
1745,221188.54058934428
1746,168351.62627861675
1747,220898.18252758853
1748,216406.8492945208
1749,147192.4164519824
1750,122220.14345264275
1751,247591.5850077109
1752,115365.8049967111
1753,149539.2797644985
1754,192442.47942379158
1755,167256.33903038155
1756,125249.5192517868
1757,119726.78962670777
1758,148684.06307070985
1759,164188.9674602319
1760,169873.18452588335
1761,154289.77577390065
1762,172468.49287569546
1763,186580.64025768416
1764,114298.41655440824
1765,131830.80943008352
1766,193578.73373396188
1767,221464.00865373883
1768,138163.22866030398
1769,164830.46069562944
1770,156821.78510411852
1771,117684.84971758969
1772,131232.9866631537
1773,122400.64773277314
1774,152338.59268534576
1775,142186.55164430107
1776,130974.06524851112
1777,101250.491236428
1778,140126.53070634583
1779,134163.16422743115
1780,165751.7682399719
1781,123674.7375956003
1782,92985.19924148414
1783,144115.50468863384
1784,114559.15838366846
1785,116368.90500817292
1786,141981.05782331372
1787,162343.23345666108
1788,62078.354889441915
1789,95683.30370703724
1790,86930.66318586135
1791,185826.503788041
1792,150995.20544348838
1793,130467.39902715164
1794,158219.1080380885
1795,138092.75296696986
1796,128870.50102570273
1797,113087.69432024608
1798,117270.9298750481
1799,112997.11373217856
1800,132251.37382646158
1801,123370.8979582524
1802,130456.2730085595
1803,145496.5041584941
1804,140703.4431083719
1805,134045.40533912167
1806,125995.25921387134
1807,137302.13250634473
1808,125623.42737692018
1809,124204.70912991918
1810,141129.09334610836
1811,81141.94885865523
1812,94220.59674614169
1813,121242.28951494487
1814,91889.49535742335
1815,57264.72562206143
1816,93822.37194009352
1817,115333.01935035309
1818,142885.74505011435
1819,127064.54134728215
1820,51834.83932565718
1821,102112.34887420156
1822,154805.69402068655
1823,43814.413285125214
1824,122882.29341355192
1825,139743.53943258803
1826,114302.64249425894
1827,99326.17945710062
1828,136816.6823450914
1829,128189.47605611585
1830,153036.33904442933
1831,140252.19683213127
1832,75578.22746199566
1833,139206.58117289824
1834,119479.49987160772
1835,130766.92142427276
1836,123713.65862617422
1837,98388.83233008039
1838,126162.34569241822
1839,97232.70701338936
1840,142979.75951356697
1841,133441.05899257236
1842,93209.4486231051
1843,136585.4186284295
1844,142135.71463896014
1845,142741.24710746718
1846,159151.83592153018
1847,173620.90037096545
1848,57012.88289840607
1849,105231.37763986258
1850,119948.33503872549
1851,156693.96748669355
1852,131434.21868986514
1853,128250.58353609568
1854,160964.13592427105
1855,155378.1207347931
1856,230712.25591864513
1857,132150.65708205043
1858,127469.0251326989
1859,117953.27991397356
1860,154613.45269976722
1861,117681.48588881026
1862,298413.14176969853
1863,278111.56776022713
1864,278194.1098594349
1865,327517.13339985436
1866,301199.517033146
1867,220738.0656980198
1868,284742.2648925973
1869,204786.13470519404
1870,219501.2874042474
1871,248066.54212185036
1872,183028.50998694004
1873,257933.27582700638
1874,146397.32903525658
1875,197112.23171978642
1876,200114.4577870509
1877,208090.71318009007
1878,203345.4542628585
1879,132448.2641140218
1880,126670.48077578492
1881,248059.50571370198
1882,243772.2699815
1883,179130.12833272025
1884,198234.90593151125
1885,215318.05291235534
1886,268174.70691039506
1887,218191.9921260521
1888,263659.6705966883
1889,179098.3096456597
1890,114685.0391878672
1891,125136.88267458587
1892,99005.2956195827
1893,133132.41411526917
1894,128800.68770422736
1895,139597.7340598822
1896,126564.6408576352
1897,131811.1398803514
1898,116380.94556590205
1899,153411.23810247946
1900,152902.59915252586
1901,169506.8818632985
1902,163558.7112288658
1903,222762.42586076568
1904,136715.245639795
1905,209866.2428613688
1906,119847.99077429945
1907,225944.51188898386
1908,108689.69231727751
1909,135381.69510027944
1910,119493.63290571715
1911,225189.78925608736
1912,327257.0268287068
1913,141620.0222752909
1914,53833.88722516553
1915,303642.31269225106
1916,70411.27099669313
1917,248258.85459774177
1918,137689.61194609766
1919,174420.51394686813
1920,156430.94829683984
1921,365176.2958353707
1922,300552.92367913073
1923,244379.00387762426
1924,241256.59521474838
1925,195789.9160697042
1926,360149.37090798374
1927,135010.88288541284
1928,160453.57979068434
1929,127952.20029286623
1930,130872.77622828483
1931,141642.54949947612
1932,135881.95863376194
1933,183132.91136490865
1934,181019.30064667604
1935,174167.0788987873
1936,193077.48233348146
1937,181489.76863701874
1938,171857.39616594382
1939,257700.8137286079
1940,199180.4738991651
1941,167497.42189766164
1942,171809.24132682808
1943,221975.05688756012
1944,371832.1746461088
1945,380079.94378684834
1946,140744.385940934
1947,289939.1025755215
1948,168901.98831341474
1949,245437.5934017795
1950,180602.31165033608
1951,246873.10106198082
1952,207714.79847925287
1953,173840.75400238577
1954,180952.2132129188
1955,137738.0487540348
1956,303706.01290888677
1957,147713.38909691563
1958,263887.66967307095
1959,145593.5645419941
1960,112329.12643542903
1961,122709.25444214861
1962,97597.99934394204
1963,106021.7158606728
1964,105967.71167792671
1965,143555.143737439
1966,133453.94346368272
1967,296663.6086386317
1968,404155.3067260007
1969,356422.44488537987
1970,389838.5745974978
1971,482558.1020293646
1972,381839.80004893197
1973,292525.26187068515
1974,329971.5948617813
1975,544568.4188250237
1976,277697.35077214224
1977,344343.5340291454
1978,352822.9840500833
1979,318183.515192645
1980,219025.36576342443
1981,321880.391486532
1982,226326.5122697768
1983,210263.25323452224
1984,169704.43887849405
1985,221058.1986730007
1986,209879.04515618243
1987,179579.50524056665
1988,179010.92616914268
1989,193785.74779109785
1990,209328.78332441233
1991,236046.57764655378
1992,211955.33878253747
1993,169191.71783107944
1994,220951.86172009073
1995,185745.5502698029
1996,257509.06591398554
1997,309984.54896936147
1998,309445.6434155282
1999,285692.3336104539
2000,312002.52365947585
2001,287550.9330119
2002,237441.92216771588
2003,271063.6420696252
2004,291891.0576310676
2005,218271.2446189032
2006,219626.39202927446
2007,253443.55227403683
2008,231300.27166505656
2009,198067.818342357
2010,195005.15361954417
2011,137617.04147587897
2012,173486.37597755695
2013,180168.49099915937
2014,186984.71965753322
2015,210983.56753243442
2016,192026.7835517552
2017,195714.49554473328
2018,116371.88848006928
2019,135112.74339609747
2020,98619.71813782182
2021,102332.70234579794
2022,197541.47555197726
2023,141895.03411298065
2024,279234.92705388163
2025,351964.6579208151
2026,181419.60315753624
2027,165555.35478267173
2028,147226.73625324873
2029,168197.79130341712
2030,256347.44672553393
2031,224251.48971631518
2032,234977.68177400588
2033,241867.93766311614
2034,169251.94881035178
2035,221213.80973893782
2036,199755.64374270852
2037,222159.90652127448
2038,310424.28424713505
2039,225869.59715369323
2040,295300.1428498073
2041,291488.05893993576
2042,203497.43857213974
2043,179540.12964984754
2044,161234.04730758982
2045,209958.74182384295
2046,159462.77764570375
2047,142748.84802896486
2048,138648.34093596708
2049,146075.0391609949
2050,165823.5156151102
2051,101020.35429639836
2052,122064.69098940692
2053,146476.31419183666
2054,104296.10328660344
2055,155367.04517308297
2056,148477.6241132959
2057,113159.76776714786
2058,218958.93199195995
2059,137982.35643152703
2060,174253.5539988482
2061,165137.67443157194
2062,128163.22800640354
2063,125173.250316249
2064,142067.72605840437
2065,123990.38535524461
2066,162860.67666954963
2067,108633.51195615678
2068,147643.48291666037
2069,84845.420721395
2070,114751.03678990614
2071,92693.91865301147
2072,143246.99568385526
2073,130395.67865866452
2074,172752.86266419097
2075,141499.61478211553
2076,112960.94290952731
2077,167144.95107625506
2078,124922.92913940479
2079,125899.14387875532
2080,113945.55852247195
2081,121702.54989249572
2082,119421.73596460637
2083,144283.886245487
2084,108533.07985001763
2085,117665.23879989714
2086,111293.46335144163
2087,116990.799971378
2088,96232.44095865171
2089,78132.60261168575
2090,126204.508809063
2091,117047.69567975232
2092,123318.5864575166
2093,108065.85175543981
2094,104595.64307936357
2095,159328.7683959153
2096,84062.23203977889
2097,98151.52106875452
2098,147842.99687175843
2099,60413.258804178906
2100,74877.81000858633
2101,109016.43029812272
2102,114783.02529678449
2103,108795.3980790519
2104,129866.24005254227
2105,130601.6319818922
2106,70477.3545545559
2107,192996.7777269634
2108,113363.38445780124
2109,111133.20786673283
2110,122802.3253191168
2111,128489.89442468763
2112,137343.51853805874
2113,124568.5752313938
2114,131142.7740747702
2115,161356.9502569538
2116,115691.85718877568
2117,146136.3449214558
2118,128289.32857936881
2119,117348.95630004397
2120,114072.94707465742
2121,89810.99155282917
2122,123103.73801057294
2123,78684.80094952256
2124,150328.19812945314
2125,124467.3000033573
2126,159902.12062856136
2127,172029.4945944904
2128,118565.27054709634
2129,81533.6089101973
2130,136521.7780456335
2131,140861.32967634586
2132,120415.00318267796
2133,117564.18217736788
2134,122732.02230252721
2135,92157.55855714198
2136,87288.14677049674
2137,104262.28555246365
2138,138574.13057575296
2139,148566.0755576192
2140,143351.19990559007
2141,150794.7070731703
2142,130872.89541288021
2143,145194.13578964074
2144,123556.36802510702
2145,142225.31841021203
2146,168009.74341509552
2147,152778.88344331394
2148,128164.91954650836
2149,144400.6910526287
2150,231457.4726613362
2151,114956.06279488419
2152,155214.25161891375
2153,167018.3274481251
2154,100451.45486402328
2155,132997.3111639642
2156,254598.89031069214
2157,230178.53723889065
2158,236225.2963263837
2159,212485.74335848927
2160,190949.5913638287
2161,240826.69632532814
2162,362454.7767981925
2163,347585.3622861438
2164,242757.93014852153
2165,198329.8871868954
2166,151114.3029190983
2167,214001.04406696997
2168,200722.03808131613
2169,194943.77745807855
2170,214613.53663173155
2171,154515.8845694055
2172,132918.18149489755
2173,168334.24116154324
2174,222823.87454009167
2175,296213.9736779178
2176,290846.91768393334
2177,237855.18348385044
2178,212572.84715519843
2179,134564.20233278553
2180,204256.80074795886
2181,196579.2768323497
2182,224508.69038923594
2183,192462.74471542225
2184,118721.4586277497
2185,128213.50641773577
2186,143928.85751216204
2187,150976.42901414353
2188,151582.0166094337
2189,254001.01458776317
2190,80114.43232376601
2191,75273.30814218827
2192,92922.9347492479
2193,106015.13534887103
2194,109336.4747417188
2195,116955.27595855038
2196,105137.9982114807
2197,116189.4970801707
2198,148020.26986433775
2199,189898.07435807603
2200,151419.90373108923
2201,140896.31889045236
2202,215316.17310158582
2203,146820.63849820686
2204,180985.38169743278
2205,124975.27219333776
2206,147577.35756159844
2207,230700.01901866597
2208,268810.43632955936
2209,266299.06568300695
2210,121010.72610074289
2211,108503.55905263466
2212,115650.878274104
2213,108929.8081266725
2214,129284.39354413468
2215,99206.39754831442
2216,145537.4224891532
2217,66738.82193421244
2218,68421.67963439938
2219,58714.10341335183
2220,64245.31801707801
2221,304372.0142324031
2222,280153.6975501671
2223,278200.5061761361
2224,204422.5781248062
2225,114328.56990307641
2226,180847.60750167558
2227,197109.58570744286
2228,269193.37809017155
2229,259997.0632057915
2230,151547.6523812184
2231,220008.76349159697
2232,179062.94500874984
2233,190050.73970388042
2234,243897.35155059685
2235,215544.0220498643
2236,260003.56504015892
2237,306403.08795850014
2238,196394.29741151954
2239,96197.69026004297
2240,149922.79868926154
2241,160565.51301496994
2242,119587.45584948812
2243,124709.37819867203
2244,106811.17444542143
2245,100938.92391327869
2246,139542.73823453469
2247,107663.03196662011
2248,116625.40446648626
2249,118697.98732441926
2250,126127.02073713501
2251,116374.74340657225
2252,181176.8230614699
2253,156894.90507545284
2254,177538.59773347524
2255,182963.00904368356
2256,168897.84256857412
2257,195013.97187278507
2258,156503.12163112295
2259,172325.054695584
2260,139640.73624884905
2261,199667.7414902928
2262,220315.171258851
2263,388548.7313570722
2264,555149.8179110215
2265,155763.53443748003
2266,294736.19319956686
2267,366321.6662988164
2268,507745.67456388037
2269,147705.47717741964
2270,197230.31718560698
2271,211234.71286859372
2272,201751.47413700755
2273,160169.0766975272
2274,180423.00311210676
2275,168561.87879714766
2276,195672.22736114942
2277,183196.89435692772
2278,140637.75157655607
2279,123189.51587456898
2280,112953.57676007607
2281,171958.1797024234
2282,187307.22368388486
2283,106538.88426013644
2284,113062.71272709518
2285,138907.99238850936
2286,121391.60230795806
2287,348083.7401972242
2288,288357.5466665161
2289,360850.35588378715
2290,444456.1147318735
2291,324808.6764695232
2292,413602.6671379831
2293,448013.42581165815
2294,389286.8833516629
2295,487945.9140302497
2296,293680.2190201591
2297,340714.69480653066
2298,343844.87218085886
2299,357262.01126648043
2300,319323.0852172546
2301,317039.4843046226
2302,258924.86819145727
2303,246370.6550824371
2304,265907.5804531819
2305,212947.4509994141
2306,206548.9271388927
2307,216701.8364384548
2308,247709.60760150925
2309,273826.5468455591
2310,221496.9888836075
2311,208126.4346034549
2312,178568.5948355146
2313,173494.69538279145
2314,181105.32847101844
2315,182264.3984528016
2316,196210.9530000666
2317,194564.29295230366
2318,186460.7912141118
2319,186137.68545993758
2320,177625.21420082808
2321,228348.4402196471
2322,186747.650959149
2323,189517.25119962086
2324,184301.87224453935
2325,218000.368187686
2326,175735.70568185157
2327,200134.3019911206
2328,217966.88884858286
2329,191526.86199481797
2330,180932.62156428426
2331,361546.46520023583
2332,368474.209622371
2333,313163.3118001373
2334,261514.01649747934
2335,280484.1097038702
2336,304851.56437346
2337,189773.9912353001
2338,254384.33535103677
2339,214826.60832402395
2340,372927.67866838543
2341,215461.58371235817
2342,231611.7570492769
2343,234610.22410720566
2344,200652.18163169257
2345,235166.95391357297
2346,212150.61312806682
2347,200988.3282476382
2348,244893.3069920072
2349,186499.9333653545
2350,307524.13400423736
2351,261446.6425857513
2352,254752.22134908268
2353,251539.6013882436
2354,140327.29491649734
2355,142328.4620881822
2356,149497.9889502089
2357,189084.8741680595
2358,200602.10103809644
2359,126417.03251031727
2360,113824.00081129058
2361,146255.8181406092
2362,269114.4597480701
2363,127876.16771411715
2364,154022.08369280142
2365,217953.76327291137
2366,199044.91644088223
2367,225019.66159676822
2368,215922.72667369206
2369,219076.0301009237
2370,165813.05411085917
2371,159298.7668389331
2372,199181.4126383993
2373,289407.8279229671
2374,312243.2243417109
2375,239151.21490319198
2376,296292.69964505633
2377,330778.6581553075
2378,154726.06276213922
2379,198240.57508287492
2380,150573.88739050133
2381,172089.46767490322
2382,206227.08978214933
2383,198697.40875423892
2384,239883.66680399532
2385,160574.47433246335
2386,131322.70918461602
2387,135198.3423159886
2388,100350.18525807335
2389,123927.19253374994
2390,155988.6292432089
2391,146852.3089978929
2392,116173.25270169256
2393,172021.9001702556
2394,140076.1849437138
2395,201307.47062868802
2396,138783.2685675162
2397,225271.97142289334
2398,127841.4095859494
2399,72437.40804432977
2400,72223.23415977159
2401,122343.36796920667
2402,138716.2655436973
2403,149974.73920924828
2404,156638.10450721654
2405,162864.28752298324
2406,138050.92955861505
2407,116944.37044951234
2408,141603.2817310399
2409,117475.30623180643
2410,166094.71712558612
2411,113639.38504579607
2412,156925.4372561067
2413,130117.8993418107
2414,156314.19498978503
2415,140684.3617261083
2416,124544.1247191041
2417,130361.24677820803
2418,132188.48725104128
2419,126541.7755775211
2420,121485.13194515299
2421,151087.0062831266
2422,108149.5453479744
2423,114363.70309298232
2424,155152.89977942602
2425,199947.07550543261
2426,132979.9360637139
2427,135823.8712997886
2428,175405.18809578227
2429,110112.82404162404
2430,130920.95678163412
2431,111177.5065403907
2432,146183.50795103103
2433,142391.2298570526
2434,137194.0268662293
2435,147771.14988973545
2436,111481.32256853873
2437,109260.31226460077
2438,121909.86056341004
2439,100134.06867036338
2440,124588.45954170989
2441,83125.60108344023
2442,94397.43848487145
2443,122908.46341091073
2444,140016.604031448
2445,95355.19862541974
2446,140679.7266343414
2447,181809.98552901647
2448,128114.45137670902
2449,118243.20192709954
2450,150626.02415383942
2451,127873.15963954298
2452,190878.1116143867
2453,93602.5228857976
2454,124094.35928663159
2455,120990.7327177674
2456,127998.22310302893
2457,142612.30972562404
2458,133311.7091406074
2459,109062.34287453895
2460,141804.17258511836
2461,128753.91240860791
2462,132399.2986544317
2463,131121.36889135995
2464,173104.999801532
2465,143384.46069664447
2466,116519.71424247074
2467,126668.70290955743
2468,89528.2324217657
2469,90876.67418644523
2470,187608.051291814
2471,206657.25053381044
2472,162530.5136459207
2473,110855.25441473511
2474,86447.34867697702
2475,205411.29498817908
2476,110211.8586223155
2477,127785.73168442438
2478,154537.6698197592
2479,106639.65761425757
2480,155941.25200705364
2481,125321.10377963856
2482,120818.28870266424
2483,111749.77563685231
2484,124440.61781327851
2485,123605.93833370534
2486,151141.95648318392
2487,176354.95200685543
2488,162299.4564294795
2489,152391.9389243314
2490,140862.8783649235
2491,84133.20113486021
2492,205842.2634371837
2493,164826.3989434549
2494,145007.33581364556
2495,84961.12935971131
2496,256493.31580605282
2497,149487.0520431005
2498,114490.84680178293
2499,81544.42691237737
2500,121333.58165552383
2501,133134.48974570507
2502,141893.96758094057
2503,101661.42911401045
2504,174402.52197862678
2505,236993.2695335482
2506,254329.2188674516
2507,295642.59245684644
2508,254210.87142099228
2509,220940.34995564123
2510,217939.11172610437
2511,172204.94302577895
2512,197778.37822626595
2513,229086.12075013548
2514,316739.68108559435
2515,151535.5411231184
2516,182269.96239509352
2517,146579.33788466
2518,152887.46814819548
2519,232216.73409800665
2520,216092.11452903418
2521,183718.53890989747
2522,223777.55526662862
2523,117831.6064117071
2524,143836.76764299374
2525,149197.12191699783
2526,148505.12689861117
2527,123900.4617712138
2528,136202.02655858142
2529,137817.4823789511
2530,128326.08090489187
2531,243422.6938022669
2532,222961.4453777065
2533,191778.31713235003
2534,229068.36218322947
2535,281922.7286607078
2536,237293.17639379168
2537,234339.08216345694
2538,184883.5095112276
2539,183323.0417852454
2540,184577.88445654543
2541,183030.53020075176
2542,167364.25876352144
2543,119446.77743022132
2544,121576.75511660251
2545,141643.08550100357
2546,126497.22167468733
2547,140411.9060113221
2548,147136.48501551122
2549,165938.50504936368
2550,851400.9879812137
2551,144390.04743071456
2552,121836.54763239891
2553,68720.15043569796
2554,89913.58052777081
2555,113594.64052504444
2556,102114.32084876367
2557,103777.62903045774
2558,138004.88847471573
2559,144740.45067018215
2560,158785.85870560055
2561,147721.30724340686
2562,148530.97872082918
2563,143809.5091646985
2564,207159.8598892186
2565,143856.53585627247
2566,169902.9671839381
2567,142173.00432071733
2568,217357.48012744467
2569,238575.88342616407
2570,118340.48928370437
2571,200570.33033703355
2572,144530.02846195162
2573,229389.55339005223
2574,321636.8089750125
2575,135536.70533902638
2576,112066.94777916282
2577,132803.43041979574
2578,79300.80250172906
2579,64299.39280988953
2580,75622.46801590959
2581,93869.4568327481
2582,88952.56900755566
2583,293430.9313513034
2584,183241.93577629165
2585,195892.15053806288
2586,223230.84550005852
2587,194681.35481341832
2588,137710.64478452728
2589,147335.0225583281
2590,198392.69332930705
2591,225262.03251612393
2592,216519.70932877215
2593,254448.27893162204
2594,181527.61028965807
2595,193048.28872202188
2596,286996.97026026394
2597,184118.5436897764
2598,285111.23099435255
2599,394590.3688962795
2600,140863.17771198277
2601,131365.4891122057
2602,83551.37890448146
2603,97698.87857056932
2604,89087.50830917354
2605,80576.33807926338
2606,152239.36040637887
2607,190839.0117767111
2608,194081.58905120104
2609,174577.13385810208
2610,105963.71005097473
2611,144541.05982884945
2612,163188.86580784712
2613,126984.78818238556
2614,120057.90293861703
2615,156478.56813350506
2616,149901.46511685435
2617,186066.60047837434
2618,205596.6141429013
2619,199268.58803204104
2620,183915.40589545996
2621,167263.51850101643
2622,179620.7365957739
2623,235654.18146452354
2624,336861.2959710127
2625,307195.3817873578
2626,172314.11720739488
2627,163034.0212775765
2628,482495.0214013212
2629,503475.8108491658
2630,396445.711825318
2631,486509.90234617307
2632,423872.1701915856
2633,309589.5334118475
2634,420617.6830431413
2635,148384.05163721237
2636,169721.49978825188
2637,168148.75369355077
2638,267639.76669626596
2639,185400.0559103208
2640,144024.24430351236
2641,105510.9772029146
2642,186843.74868211814
2643,104503.59770953345
2644,124497.5595160393
2645,108834.3634017479
2646,96861.22135708554
2647,103198.3975733693
2648,145643.66431922544
2649,151200.9458607568
2650,131051.03873427256
2651,144044.18848811643
2652,404905.1477062889
2653,259725.97190634668
2654,269451.7655537833
2655,390267.9320145584
2656,335238.74654805183
2657,358521.8169101927
2658,307008.4559605485
2659,297412.6839993255
2660,384132.0526876349
2661,336089.99290460965
2662,349761.33765905583
2663,310402.3127998547
2664,261828.08619519748
2665,316568.73282912344
2666,281430.5206495476
2667,178314.65403825164
2668,180451.29056785803
2669,185509.75551917727
2670,273845.9446437521
2671,185733.34440138622
2672,198040.75815204944
2673,198824.0049418783
2674,194616.84477750762
2675,173857.45565482488
2676,195688.81386394246
2677,195826.30409388844
2678,221020.61354744213
2679,278784.83344352286
2680,296387.97467550705
2681,361440.49882417056
2682,314695.11685676925
2683,477182.02754474327
2684,312486.8726406962
2685,310352.63617888204
2686,270202.6564637529
2687,299558.26469635725
2688,209567.2386639858
2689,205508.19205685589
2690,402683.5257827661
2691,190587.3402511671
2692,142317.71178453538
2693,205837.33440227166
2694,134439.613996092
2695,195188.26745157666
2696,183347.12288966082
2697,182857.63034723987
2698,183690.3217488927
2699,173610.28012837665
2700,157949.16365018237
2701,149161.9166616991
2702,113207.01980700849
2703,117794.27224579528
2704,141711.93367831403
2705,111121.95093176272
2706,104404.52830866612
2707,116772.14080676694
2708,130723.58850240511
2709,99454.73694083747
2710,125958.38453822843
2711,317948.4595646774
2712,363873.5831778137
2713,177284.9494831443
2714,149682.76382354173
2715,165780.14953233334
2716,143150.32321968675
2717,207349.79916052087
2718,223469.29393149033
2719,159322.8689052403
2720,175253.8499243812
2721,131092.4323571721
2722,163108.76280807116
2723,140691.31325684662
2724,123385.67473556176
2725,125980.08623555402
2726,153401.43800862043
2727,188053.2875381964
2728,186897.24540743872
2729,147584.90900539327
2730,147174.28973881848
2731,122548.00416942264
2732,130532.83369754445
2733,157084.62205603084
2734,146898.26805895302
2735,140418.812728187
2736,142221.83432412124
2737,120074.46138408028
2738,135163.60661426256
2739,151969.1649275777
2740,134084.22555166046
2741,141182.20751194903
2742,158795.21954639698
2743,160594.93843127773
2744,164544.7201866439
2745,142943.08815103592
2746,137702.98658505094
2747,147451.2360124291
2748,123887.63891177278
2749,131251.85462428426
2750,132811.23714391497
2751,136968.35301537236
2752,166516.65092381413
2753,152753.0087785226
2754,203230.67605160177
2755,137115.9186328504
2756,99961.2448541992
2757,77882.10744723023
2758,90916.04238925443
2759,164436.30610819595
2760,122372.57771200738
2761,142359.0954965857
2762,137896.83501831535
2763,179947.78353164316
2764,146588.94429863946
2765,274539.31474854774
2766,108608.90247298182
2767,92179.56292766909
2768,127871.0992261402
2769,131518.36463446825
2770,130900.00751758469
2771,101284.7375984282
2772,108107.9687824935
2773,175941.27615409726
2774,150012.28424703362
2775,113139.22427441883
2776,145737.2571376825
2777,162246.1550567953
2778,102334.39662440501
2779,121417.4654261335
2780,95633.15244318247
2781,91552.60210406785
2782,104474.37657859307
2783,106902.80741214205
2784,123999.66209177823
2785,138239.12303474438
2786,66668.8459187637
2787,120804.60507291251
2788,77111.43595439203
2789,164098.2354844783
2790,98351.57144233512
2791,117727.53783699182
2792,61816.77857095433
2793,127989.53412468972
2794,97588.9798086503
2795,121231.11656745123
2796,99384.2891828532
2797,204893.16361822456
2798,104652.77919018321
2799,105146.88010617314
2800,69795.67118828677
2801,95401.37017816104
2802,130653.26630809838
2803,167200.16824768754
2804,128204.45648392939
2805,92663.98624970105
2806,82511.6494208885
2807,185119.5880854819
2808,150179.97887904415
2809,130385.54130965997
2810,124076.44046048351
2811,160418.64058667477
2812,161566.64181208686
2813,162347.8072233089
2814,165494.65513426383
2815,92366.22854550801
2816,214945.70465214903
2817,154658.01428731217
2818,133204.7474148284
2819,180035.58602616627
2820,143064.68151139098
2821,105930.60171739933
2822,180721.45242814042
2823,317611.420901378
2824,177684.9297536424
2825,146363.60071922743
2826,139270.27934583294
2827,135466.6249606168
2828,215853.96167195519
2829,215487.8268389182
2830,239418.44047140973
2831,175167.97723303267
2832,249642.17964714204
2833,285233.7714681815
2834,224021.66567751538
2835,224492.05269067342
2836,192254.9847284722
2837,166995.51647031857
2838,150274.10582500545
2839,181814.46857538715
2840,199764.375726801
2841,200805.44439452983
2842,235080.3531964993
2843,148525.2447606015
2844,174028.43083237746
2845,121992.86221545178
2846,204993.65478567925
2847,210432.47995498628
2848,214021.8182638002
2849,196044.0783185186
2850,270964.2025961173
2851,206865.95807393637
2852,241886.3369548364
2853,239036.4131844267
2854,141617.58246663352
2855,198722.88366097392
2856,200624.48904021445
2857,185212.15848888367
2858,201330.04931097402
2859,123067.68902409391
2860,132807.1052941457
2861,130728.59296102311
2862,195181.59058200973
2863,125343.81712416762
2864,256176.44491963377
2865,141839.19931505446
2866,134744.90748745596
2867,100112.33803761707
2868,104825.03963540068
2869,100756.93020840903
2870,121606.94061309239
2871,85318.14482937884
2872,60505.82598752587
2873,98404.78102819427
2874,131344.30160958413
2875,116268.0964975546
2876,154113.39949607628
2877,148206.91241044644
2878,163791.76839486885
2879,143195.92277219036
2880,101773.61024720369
2881,145801.55155409934
2882,182522.24301820027
2883,203841.51376904725
2884,190002.38083539615
2885,187563.58187527882
2886,241945.63383418863
2887,94867.21012859486
2888,145847.83837935154
2889,59639.83817740491
2890,77482.61065523792
2891,139296.97158100147
2892,39338.433978908724
2893,63231.29876955058
2894,50875.35018830297
2895,331756.28290413076
2896,287315.5084864998
2897,197763.844987618
2898,138089.92798325742
2899,203723.24645870022
2900,161242.79347605197
2901,197800.98352120834
2902,174022.68884855523
2903,320834.574550011
2904,329161.54453226796
2905,84794.07595966103
2906,192489.67624676533
2907,109525.1185969271
2908,127170.93334539371
2909,143226.00794069713
2910,78481.40526459487
2911,83993.74938692934
2912,151175.9660236468
2913,77754.72362504234
2914,77379.48792145301
2915,83306.40641004848
2916,80979.21068291033
2917,165255.00775943746
2918,119018.10983570608
2919,217861.51482970285
