Id,SalePrice
1461,121568.54107705569
1462,158996.2978196115
1463,180366.2848642732
1464,196920.8527602441
1465,203133.38580431516
1466,170302.7169157968
1467,176622.61207669793
1468,160763.70432558414
1469,196476.59337342772
1470,115893.9014738459
1471,197449.15881025614
1472,100107.281789799
1473,98569.03474438273
1474,148730.8352860516
1475,113543.43281721298
1476,351918.06741871475
1477,256161.3788075572
1478,283691.7969509025
1479,282058.27393228945
1480,458903.12232293136
1481,326828.9034747989
1482,218667.15767656435
1483,181362.53632767688
1484,163783.73140853673
1485,191070.6079880534
1486,198247.50328095088
1487,323941.69565058564
1488,234131.0165177432
1489,194001.47564765095
1490,222318.45308621143
1491,197859.22548807855
1492,96105.40580904188
1493,180012.4845887094
1494,290336.3872132568
1495,288920.3406938034
1496,227481.17298821316
1497,180896.8093887448
1498,163960.18730005136
1499,161372.54806186643
1500,154319.51528002665
1501,169963.2160829611
1502,148072.64364046307
1503,276648.9965735349
1504,240054.93474835638
1505,223310.67300110837
1506,196068.64830009948
1507,251126.4051066868
1508,204992.25856538888
1509,162002.5718081973
1510,142580.52616040217
1511,146712.82836585524
1512,176380.6015682331
1513,146404.04096619473
1514,152627.45515738247
1515,195370.04033840186
1516,155597.4489113576
1517,173972.22974884865
1518,136343.29840674315
1519,211918.1912591151
1520,127161.81342452057
1521,129321.10415469792
1522,180157.7169644873
1523,112300.37009029664
1524,121374.29093733536
1525,119089.05202918685
1526,116766.6670742684
1527,107137.33990293904
1528,139476.31726381183
1529,146241.25291237573
1530,180479.1123335456
1531,107174.47302467596
1532,96163.96359249439
1533,151826.20531708095
1534,124890.088435411
1535,152724.1462188187
1536,109449.33664039563
1537,69269.22463130413
1538,153021.58017122076
1539,197073.7269166235
1540,93441.69254116966
1541,143805.0771890471
1542,144025.45407860453
1543,189870.6856534949
1544,89988.01888601741
1545,117030.5151318708
1546,137208.17763224564
1547,129890.0502125676
1548,138482.43390934073
1549,122473.68464950334
1550,134720.20858238087
1551,107911.24830190258
1552,134371.50105743972
1553,149070.73292326147
1554,119033.9664520111
1555,165203.33224568688
1556,90481.47815698523
1557,110708.57993896464
1558,103478.90294749977
1559,65920.58868930564
1560,134802.19588358348
1561,131288.276508075
1562,131997.58327689325
1563,116532.02682698722
1564,163550.4982686051
1565,150662.3151274186
1566,236673.87141641526
1567,79256.93155609489
1568,234056.13758897866
1569,127094.78283426871
1570,143523.77671116288
1571,131728.23926424637
1572,145404.31293220932
1573,240010.7364422894
1574,130421.5932318149
1575,221179.43099897465
1576,242099.43175473166
1577,180247.57794440867
1578,144499.8515287666
1579,145624.03961320213
1580,194224.79009135466
1581,155194.2672842148
1582,123070.64658937971
1583,293781.9947426275
1584,220274.2015829165
1585,138608.55351710963
1586,68956.85047134003
1587,101541.29319609376
1588,146975.25799052216
1589,101425.33366758976
1590,139603.32679022045
1591,94232.26960796757
1592,111233.0691535497
1593,121030.17313829277
1594,119855.81797616485
1595,115075.58869924751
1596,229564.35831191594
1597,193613.36859873953
1598,229003.6166920464
1599,171210.70969310382
1600,167723.49657283386
1601,66404.49578309465
1602,117403.0827028709
1603,67854.4037753765
1604,250642.39327145368
1605,250576.84492502426
1606,172726.24236113022
1607,182557.01233745273
1608,216781.71027139545
1609,184247.83193746806
1610,147591.27672677665
1611,145711.28879495946
1612,173703.4053074134
1613,166631.27556549822
1614,119611.21685959518
1615,94227.44166553223
1616,82046.72497005694
1617,95528.30792492766
1618,123228.36938951706
1619,138707.34073636527
1620,163479.5963570323
1621,145357.64190127415
1622,142795.0922502583
1623,261926.93074666645
1624,221366.70951884415
1625,119365.80624535734
1626,173270.64465021165
1627,187721.73036709055
1628,279036.0755202414
1629,179990.02276921162
1630,352896.76148235105
1631,228487.78356593937
1632,252325.73498254866
1633,171080.1563257531
1634,185194.71647953877
1635,177261.40090164542
1636,154620.22765540067
1637,199695.8231617714
1638,186929.1417435853
1639,189776.33261461832
1640,254334.53049771668
1641,184967.42074493633
1642,237064.04982552075
1643,218950.36433174516
1644,233833.40186106315
1645,195128.70849372103
1646,158367.1136280511
1647,158538.82358136258
1648,127470.82652332429
1649,138096.14569477702
1650,109926.69664026692
1651,122299.49411795588
1652,101705.7163059974
1653,104234.1006735863
1654,143256.51601443058
1655,134695.2894621974
1656,140547.67960769168
1657,144182.83294833318
1658,144189.586043187
1659,117232.32892880813
1660,156065.06954664516
1661,405403.39851997787
1662,382719.5452097917
1663,365460.0323105745
1664,477891.63237314485
1665,295142.99426363694
1666,319378.3440372125
1667,366388.03973780887
1668,327598.47867383383
1669,296969.7018584087
1670,330064.99899548246
1671,262671.59928343055
1672,404966.0610604161
1673,288003.18573503813
1674,248144.34749722085
1675,203770.04767653515
1676,202724.6548610022
1677,222842.35897827955
1678,437266.09823376365
1679,359464.6844002643
1680,326213.9499399074
1681,238661.56742150153
1682,297970.91972101125
1683,190742.6511787166
1684,179635.7634179222
1685,177925.12088878124
1686,172578.63923838147
1687,175961.29916332726
1688,192956.38559008704
1689,197043.81957508498
1690,197789.1526030591
1691,187007.9085662855
1692,258233.35060831648
1693,173052.58751761145
1694,178960.48612500686
1695,162129.5825823584
1696,269920.49024353886
1697,167438.07760376265
1698,337245.57901317795
1699,310948.0735672476
1700,247407.33310829513
1701,273011.91746435635
1702,244570.57702355238
1703,236606.5012739452
1704,276148.2091139894
1705,232038.5226782987
1706,392754.0534343459
1707,208269.94535418003
1708,198321.87826870463
1709,269522.4945470592
1710,220565.7563050392
1711,266003.39669852075
1712,258790.7812480055
1713,261871.5252834093
1714,223450.3110650923
1715,208228.8794691493
1716,181611.53151359918
1717,175024.9691876879
1718,139039.31811762066
1719,205177.00565707113
1720,239408.6046065812
1721,163773.16844548972
1722,127232.40904442112
1723,153704.41849035947
1724,208049.82106101266
1725,236980.95386854408
1726,189524.53332005267
1727,160821.83944428887
1728,176755.68242437197
1729,165254.79102591373
1730,153202.41618997577
1731,122299.3721217805
1732,123180.11642431514
1733,111216.98233609769
1734,118874.80112013692
1735,128284.76828966352
1736,109475.99605376957
1737,284624.2940579952
1738,247918.30796497004
1739,236632.96619319502
1740,217220.0994545205
1741,188222.1309667073
1742,170112.79714846544
1743,179798.75309698962
1744,303029.34447143524
1745,223706.53259557855
1746,195213.22327908207
1747,218908.79572363629
1748,221171.79895547463
1749,148005.44359216548
1750,133429.1832337716
1751,257237.14676396252
1752,114511.09124719043
1753,151226.88325252023
1754,195025.81860120207
1755,166961.48819105304
1756,119761.00034669478
1757,117736.77462774099
1758,143254.57429025273
1759,163685.1426009152
1760,165141.30719020974
1761,150255.72569271325
1762,174844.7974320376
1763,187962.03447664957
1764,114457.38513121853
1765,164956.31497427027
1766,185538.69365385798
1767,226688.42549837753
1768,136910.7053560879
1769,174532.9967874022
1770,150525.38991949998
1771,125424.36277248735
1772,140364.36977849083
1773,123144.27348515259
1774,152881.66148082458
1775,139339.43323189707
1776,126937.20667625988
1777,102441.7888995708
1778,139787.10069781716
1779,111573.05149424577
1780,174902.7676121243
1781,128332.49238763931
1782,86794.25024740993
1783,145654.21879325932
1784,105688.45625897124
1785,124605.72515159196
1786,147388.20433934487
1787,168086.17739368757
1788,60755.06654861514
1789,103972.93479972817
1790,78187.96956199077
1791,183716.31100329003
1792,159653.00859477423
1793,131759.69829085775
1794,157956.3250033025
1795,137783.14863569842
1796,123785.06564190364
1797,121044.07697233783
1798,121504.31350500803
1799,106680.40968014173
1800,130930.0696170836
1801,123852.13837672309
1802,141299.30971289767
1803,150303.7607925619
1804,145286.6578181162
1805,135038.1310518048
1806,133665.8691370866
1807,140141.01673323958
1808,128935.64693100053
1809,120930.31410506839
1810,135681.76603442003
1811,89203.14280484828
1812,102000.88964816538
1813,124492.15903055953
1814,89308.8430388797
1815,57351.105480778
1816,97492.25186956044
1817,111773.72046520903
1818,144007.4750586165
1819,129059.12067818473
1820,52762.174649555556
1821,117336.10885337621
1822,152722.92878134214
1823,44112.005959294846
1824,134107.09159998136
1825,135612.35589176338
1826,106268.23650751638
1827,100606.83297667901
1828,134735.31483838876
1829,132209.8011634565
1830,145736.5393990806
1831,146147.99222536705
1832,74695.05892483672
1833,140996.53603734702
1834,123306.91206801034
1835,130537.35374506691
1836,131105.42344743153
1837,89004.65520333392
1838,130424.43116160884
1839,93673.32404854435
1840,145070.4648905798
1841,136439.42562613662
1842,97139.71885871935
1843,128958.06121651817
1844,138594.58902171353
1845,145506.30200344897
1846,155973.76009766365
1847,167181.5727961423
1848,51388.17495476139
1849,106785.70820706594
1850,120291.85242030032
1851,161285.57705094357
1852,126033.14686475853
1853,128188.79514507478
1854,170010.48087601867
1855,158128.897778431
1856,223743.09345531496
1857,140042.23582188325
1858,138635.47164996894
1859,118726.87010536266
1860,151400.4810232381
1861,117992.30530621743
1862,292134.2605269072
1863,276026.23932890047
1864,276120.7061338442
1865,332954.98197843245
1866,311196.11826719384
1867,229801.03150587808
1868,283649.20176898036
1869,204253.4480957035
1870,223144.97254003573
1871,247575.12279165428
1872,178276.41613910082
1873,243264.65862405795
1874,149675.67942380704
1875,202690.26615289735
1876,195370.28677020344
1877,210618.80171610112
1878,206570.75469080516
1879,128070.35251169292
1880,129352.34768288296
1881,252077.119952214
1882,249785.5307391136
1883,190115.7495243881
1884,206045.81342658194
1885,239820.58349393436
1886,277192.981696181
1887,215372.9177381861
1888,266660.7604923132
1889,171757.171324923
1890,120248.52110545439
1891,132678.33752672357
1892,98325.08148013204
1893,131082.39000658944
1894,128667.1950079155
1895,143277.7224648906
1896,129262.64784091404
1897,114588.0082080134
1898,116120.61194770572
1899,161750.287995966
1900,155726.49515254205
1901,164085.54663170158
1902,156179.2707345161
1903,209072.38206501715
1904,148473.69988243032
1905,204853.3972398904
1906,133269.02643700526
1907,227553.98271461204
1908,110435.31509553645
1909,135842.75638789142
1910,120676.84107145366
1911,222969.4576357053
1912,354916.85376960214
1913,148279.60886529085
1914,54078.400874395935
1915,284720.2026877006
1916,67577.3705250844
1917,254634.30575975848
1918,143175.97419441785
1919,181871.96625422113
1920,165853.14152225284
1921,351667.53023018164
1922,296037.9839178375
1923,237532.8540955355
1924,225078.8991193156
1925,197141.1402229889
1926,349796.93710779
1927,137055.54344668676
1928,159892.99238831323
1929,125080.33751646455
1930,137690.56800452227
1931,141709.77369240197
1932,142944.37485470602
1933,181550.49437490242
1934,180616.39494955426
1935,167963.06533427964
1936,187554.20074863764
1937,185042.43437982406
1938,175604.07981212033
1939,250430.86391963263
1940,197274.45730207366
1941,169443.6025910508
1942,189249.28579764906
1943,216731.79782272564
1944,333980.1780804288
1945,364431.87523331866
1946,149330.23529215239
1947,301899.4833688191
1948,175624.20530956498
1949,246741.7179977285
1950,188222.21206713302
1951,258475.8338156193
1952,221691.94094108825
1953,166606.0015126031
1954,189493.5488631886
1955,138911.01903987397
1956,314590.2637693426
1957,157538.15204427743
1958,289556.5855604421
1959,145434.67795622206
1960,115237.93617156615
1961,117653.99824835433
1962,101127.74141394589
1963,108164.11570294246
1964,107305.6142158623
1965,142258.25612102548
1966,135320.77042082752
1967,290722.77827213664
1968,393479.4390720515
1969,354808.9700309367
1970,385601.55877585243
1971,446594.9847815032
1972,360733.9098952872
1973,274708.2056883296
1974,316740.82628751587
1975,474307.1305354026
1976,269192.0619507111
1977,341833.7737489166
1978,338646.537219447
1979,336182.8569631249
1980,209356.17692340465
1981,335143.78515901
1982,222923.60943488035
1983,208485.89559376077
1984,176576.3873493164
1985,220201.95370956598
1986,208583.8398274313
1987,183725.73047993015
1988,174672.9137718967
1989,195130.86412827473
1990,208778.23737639526
1991,236287.06483881877
1992,213730.1172976629
1993,172164.38834486788
1994,233198.38883954313
1995,182442.27336406533
1996,246139.38458029533
1997,300951.72686288715
1998,313588.1717524649
1999,259180.4198846582
2000,309410.93661155674
2001,269983.87630698574
2002,232934.89847908987
2003,256756.93235561458
2004,285448.69409602147
2005,219797.70600855784
2006,220658.39001588488
2007,252618.26709090246
2008,209005.8305409062
2009,196168.38083625556
2010,198900.92469104292
2011,144971.02361085845
2012,172363.4510798788
2013,178334.42053116055
2014,185774.47348594776
2015,210825.21319529854
2016,191912.74640551853
2017,195379.9724366338
2018,115770.06797656343
2019,133776.0306547031
2020,107907.30638605103
2021,100472.90392172849
2022,182790.5669904885
2023,148198.9382853538
2024,263031.5899414449
2025,350800.0792940124
2026,172146.28848584037
2027,155379.2324141414
2028,153939.0208059676
2029,162646.72803047404
2030,263784.6510755183
2031,228426.34530873806
2032,245862.57892045192
2033,250469.99785321637
2034,169948.43664878412
2035,215412.71760644906
2036,199000.1055661067
2037,202043.4162626655
2038,321244.46868535725
2039,226742.51013498445
2040,287212.45248631894
2041,287388.17636360176
2042,201708.4741212723
2043,177679.38027743006
2044,179101.07349263225
2045,219232.29178984312
2046,148398.1641817489
2047,145294.89621578128
2048,138063.75611720837
2049,150474.43078494232
2050,179383.0774140935
2051,99553.7540254418
2052,121061.56244977635
2053,146958.87479747692
2054,96440.69646433197
2055,154987.01910032914
2056,150015.16820163032
2057,111642.57541821348
2058,216898.07700946846
2059,130687.74238251889
2060,170272.38844937473
2061,178034.54466884246
2062,128448.15377292881
2063,119778.21597072794
2064,135785.06066379015
2065,119859.69717117505
2066,168570.08695295252
2067,107239.06677836928
2068,149563.92714984177
2069,87983.98830007217
2070,117886.61312266205
2071,93012.87913590964
2072,148307.12992822588
2073,131636.88529102385
2074,184299.82091966725
2075,147038.06664772864
2076,113276.53769279948
2077,153638.53557397408
2078,123391.33941877012
2079,134703.05572962158
2080,117363.27963836533
2081,126728.20386827436
2082,124648.1822465603
2083,148520.16605925554
2084,104909.72146570771
2085,114136.91286256294
2086,117060.13844119041
2087,124629.59119256788
2088,101332.59672243905
2089,77348.86605943942
2090,129966.3863029423
2091,107485.3049540331
2092,118016.45844906995
2093,122255.72872284928
2094,113259.99881220289
2095,143977.65085215028
2096,85588.1629509503
2097,102166.70598463065
2098,150793.82564512384
2099,54003.9973518398
2100,75578.36987176884
2101,112632.1409046988
2102,130156.97651019301
2103,102909.8526810352
2104,141626.12233867348
2105,127694.81678412667
2106,64785.269527605335
2107,192163.39827366307
2108,115099.57318984668
2109,109514.65275745261
2110,130957.2946217548
2111,143757.96255732214
2112,140190.4270943855
2113,125097.0321596528
2114,126296.12865096168
2115,164607.73916501738
2116,113782.1572989984
2117,151781.3416681152
2118,122537.8190504881
2119,113399.51200117031
2120,117628.21975386264
2121,85244.9081997698
2122,113026.52212799019
2123,82656.99247861064
2124,159977.89204973596
2125,129724.27241588414
2126,152819.9047076952
2127,168174.80129498107
2128,131426.7504669627
2129,94853.55004926145
2130,133795.15135892257
2131,151355.58659066132
2132,119286.07997458868
2133,119912.898561103
2134,123355.8030981097
2135,93303.02376391954
2136,80108.07429364849
2137,107055.48037833537
2138,134774.39387845583
2139,153042.15034445032
2140,141633.61404934034
2141,154768.31890153754
2142,125205.09354104652
2143,144289.93993199975
2144,128659.28869159176
2145,139025.5037846864
2146,167819.9054113033
2147,144270.58799749974
2148,139805.97523657093
2149,153595.4056024248
2150,224624.79202656957
2151,121044.95588734302
2152,168865.99935914812
2153,167531.7629480642
2154,107248.87492348677
2155,143739.18060507975
2156,257559.32438880438
2157,226395.00997200314
2158,235406.6733557431
2159,214715.0856743642
2160,189562.33389050898
2161,244648.3002840661
2162,376559.64044549636
2163,334850.15353701793
2164,246528.90402532194
2165,197149.9839211932
2166,153034.96097828588
2167,212460.96294935656
2168,194970.02908893483
2169,197887.36125285507
2170,221454.10623867545
2171,153814.258129305
2172,133319.4471966991
2173,162088.21256122112
2174,226706.8819595569
2175,291065.07765024964
2176,292415.06791638356
2177,237772.2923464955
2178,218737.9545382874
2179,136763.81268234606
2180,206577.4676152141
2181,198426.00736868827
2182,228857.84729746287
2183,194351.22161768004
2184,119648.9456810354
2185,127818.97310688253
2186,144664.12126394382
2187,156823.68204758092
2188,160703.4178546887
2189,262120.54077874767
2190,82470.6872613028
2191,80421.5345296731
2192,90306.6468480342
2193,113564.30209177212
2194,104175.08672933753
2195,107512.83412988069
2196,104412.9669485681
2197,119053.05960750871
2198,152810.20109675798
2199,168336.74968404332
2200,153076.42932313913
2201,148323.1269466412
2202,213688.813085094
2203,142653.09911792976
2204,176309.74508608985
2205,123786.32943273323
2206,140593.09294900077
2207,225169.6094416577
2208,269950.69207572495
2209,242713.70183569257
2210,119254.01836202295
2211,117732.43147347357
2212,120169.24376360647
2213,105801.62092491136
2214,127841.76625539582
2215,99318.47221931974
2216,150780.00856336075
2217,63985.69111496878
2218,68825.9803482021
2219,64884.736183022025
2220,62777.88508635172
2221,285855.4889489656
2222,257408.11948550926
2223,283345.7638017431
2224,215210.07056344638
2225,121781.5830984053
2226,182686.9648454594
2227,198359.77881530317
2228,256539.64132517567
2229,260572.02648348984
2230,146957.98384520775
2231,218552.4412640006
2232,173722.76011993067
2233,186502.593816654
2234,235669.3448155908
2235,213093.71589989698
2236,263656.6670025148
2237,304123.6548754847
2238,196016.21054213194
2239,116306.84248288319
2240,152230.73190468008
2241,152318.75426972267
2242,123985.94497093643
2243,130478.72548238467
2244,107702.1087232363
2245,99814.67505546313
2246,149807.35906717996
2247,116419.43692323464
2248,119673.35722668955
2249,119538.31964424116
2250,127625.43497722487
2251,113355.74986836647
2252,182932.03760240975
2253,151088.7903538822
2254,177371.15820543622
2255,181946.65632707975
2256,180695.66190172656
2257,202431.75633406686
2258,159946.01947703655
2259,170332.57751513005
2260,157240.2555440724
2261,191108.28126799208
2262,216041.8238869225
2263,352825.8119402827
2264,517169.3350810305
2265,171904.14030004304
2266,292366.5727154985
2267,355241.17886924796
2268,408400.56084576517
2269,150700.7399571867
2270,198740.17370856903
2271,220616.07048558252
2272,200263.36442296588
2273,164245.2928464553
2274,176215.22118157294
2275,163013.09641694927
2276,188207.09152626357
2277,182129.85308102184
2278,146679.0848829662
2279,123389.17693184316
2280,120727.10656161512
2281,170076.3801915334
2282,193145.2829548148
2283,110584.35024446154
2284,115556.94283833138
2285,138445.91188483158
2286,122657.11251374538
2287,357500.71649839537
2288,279976.798794665
2289,367007.94050798635
2290,436811.27193030977
2291,317894.98050783784
2292,409889.01482563216
2293,466975.3658937194
2294,374336.27160254924
2295,482949.3228823284
2296,294562.3440674918
2297,328884.9240684453
2298,319832.7814745879
2299,351224.607315899
2300,324475.1100947052
2301,305316.19988823857
2302,252591.02914262936
2303,249356.38456403342
2304,260461.0338178491
2305,209789.01527596996
2306,199825.89993601062
2307,206638.9482961869
2308,231276.76370042432
2309,274584.7336831685
2310,219359.24205175138
2311,207371.1986723687
2312,181402.2635084354
2313,174394.42750889738
2314,185724.74297461996
2315,183731.59486976895
2316,202260.14820440565
2317,192653.37318926654
2318,187071.48474254383
2319,188467.01433083176
2320,187803.6043491427
2321,234420.776520373
2322,184706.60494863827
2323,190231.67043051167
2324,181639.23341496752
2325,223165.50537357552
2326,176559.06052553203
2327,203820.4472886806
2328,221785.6800049742
2329,189937.19873454768
2330,177716.8018289342
2331,345942.9420673685
2332,373738.9689921376
2333,315537.2301247759
2334,251829.1822735841
2335,269804.67796611093
2336,302292.5438904893
2337,200598.54208139487
2338,264205.4164820871
2339,218951.53972991792
2340,386098.5696334465
2341,213744.45900681568
2342,232599.34106653192
2343,226697.5941705818
2344,211997.4251949787
2345,233212.74153156145
2346,215381.6501028533
2347,199323.49402032094
2348,248464.80688525902
2349,177848.24640194915
2350,304338.3628255727
2351,255137.08929055487
2352,255964.39042225183
2353,238183.1002836526
2354,140025.3399192379
2355,148441.5637607416
2356,152685.8395814888
2357,189697.8483038088
2358,196839.20850862056
2359,134221.59351318734
2360,114204.55175172632
2361,142005.86777171207
2362,270459.1153286754
2363,130974.05214756547
2364,155085.60613450262
2365,222616.35319995187
2366,194096.04147698777
2367,228541.87545667286
2368,209560.5748139048
2369,221493.45223982373
2370,161620.6202722791
2371,165003.3041446773
2372,188471.1790443769
2373,268205.8093457283
2374,307025.7830511118
2375,248101.91420322977
2376,278569.42034329934
2377,343555.79971374694
2378,140922.9070055374
2379,200242.75852984173
2380,151102.31918125035
2381,165112.04223546194
2382,203736.27304905644
2383,204825.2353879007
2384,244635.47395027053
2385,158253.11334405435
2386,132641.19166826978
2387,135589.74115684573
2388,102838.57049939434
2389,122978.29764544683
2390,141194.0501705304
2391,141157.07995660097
2392,111423.08107188957
2393,163311.88537189132
2394,137598.9211709638
2395,205816.0123957939
2396,143312.957028027
2397,226307.45949914717
2398,129052.09480415174
2399,69893.83130402482
2400,68724.44171505315
2401,117564.16063726466
2402,136614.15430655194
2403,147761.54466106914
2404,152340.05027870488
2405,159983.6067947672
2406,136691.53603058733
2407,117330.2006580852
2408,144856.85185176466
2409,119312.23477978006
2410,175799.10894262666
2411,112970.1784546126
2412,154640.5328479709
2413,130418.31312021037
2414,155900.03789785472
2415,136911.2108523076
2416,126331.16401290054
2417,127694.34555585153
2418,130341.11614408184
2419,126278.8744205679
2420,119559.28019600168
2421,145032.8028311702
2422,107888.33938793917
2423,114167.21674672923
2424,171392.8306226862
2425,202559.62743676038
2426,124702.86754231366
2427,137216.31230363256
2428,176735.85177688513
2429,110320.79524366169
2430,131336.14783941078
2431,108530.10192282932
2432,145615.39892941943
2433,142274.2985962581
2434,138296.67054945292
2435,154123.0827355174
2436,102152.77328757348
2437,103120.62181247576
2438,118488.90699018797
2439,102951.98462509854
2440,126521.95132944065
2441,93977.14566539082
2442,97071.37249880657
2443,124424.66346325888
2444,134052.11517761546
2445,92632.89113791648
2446,131827.63788460707
2447,187981.31681200574
2448,131596.7840508513
2449,115266.27292415584
2450,154954.77700229528
2451,127945.33809407648
2452,188435.43553970353
2453,92748.57224495032
2454,110732.38349616453
2455,117719.3568679686
2456,133594.61187514203
2457,129636.60034723664
2458,131075.98812985932
2459,106456.74188323616
2460,141928.10834027495
2461,129902.06131389705
2462,132503.50594132912
2463,127624.87717697874
2464,171377.81194392327
2465,147048.11971176675
2466,116654.23003190669
2467,139021.6304583272
2468,89908.03766091881
2469,89862.93315563783
2470,189109.86374882504
2471,216347.77999270626
2472,170459.05966773123
2473,113354.84481142162
2474,82599.32744334106
2475,218788.42753930195
2476,117710.08363104195
2477,126798.90693312763
2478,158849.05942491043
2479,110908.13189736224
2480,150960.99996032787
2481,122542.51476618454
2482,127434.09802202097
2483,110956.63069941645
2484,121596.2478709099
2485,125270.9278947712
2486,155774.74867620427
2487,160036.69369996258
2488,163232.02289667883
2489,155876.03769857655
2490,142358.14696933824
2491,87674.719339903
2492,187477.1793343996
2493,158600.43045513632
2494,149420.38735880356
2495,93697.97774625824
2496,237842.55898161532
2497,159993.86586133673
2498,104925.72286118723
2499,87514.5747226478
2500,121187.72551163648
2501,137878.8051831179
2502,149009.21525248923
2503,100427.01918045238
2504,173108.76637693643
2505,221730.69050703463
2506,262444.6875690306
2507,299685.30668011477
2508,262908.5485753014
2509,220276.66851533105
2510,219741.9696750717
2511,173757.84042254192
2512,205406.3094363152
2513,223117.9863185556
2514,261220.59707795802
2515,147649.95795985588
2516,175782.8521931311
2517,144671.32554256887
2518,150769.94627319212
2519,230862.3899337976
2520,213056.26680211307
2521,189061.1528755173
2522,222936.3641920052
2523,120341.05887403355
2524,133708.8426004548
2525,144045.4738482304
2526,138587.302190117
2527,121374.02599890823
2528,121981.66653847224
2529,130925.18452009582
2530,126589.84442839744
2531,246751.3397113488
2532,226983.81495670948
2533,193670.2230725575
2534,235513.38933574167
2535,296565.6737871574
2536,230286.99068170352
2537,234874.24112855282
2538,187117.3039819923
2539,191098.8013602524
2540,184272.08008674125
2541,181718.2445447241
2542,163863.35544675897
2543,120983.36371554529
2544,122146.99761927912
2545,142887.54332698198
2546,130778.44439266644
2547,144008.185145446
2548,149731.18416695102
2549,156311.3356584361
2550,919200.9800193076
2551,145778.7055963203
2552,124901.93308538324
2553,74734.04278523083
2554,97633.37067354107
2555,119245.22523488686
2556,96632.08897247285
2557,104701.84444338751
2558,139366.2582399317
2559,143139.21995729313
2560,148583.92276093506
2561,146279.0790800596
2562,138415.95998537066
2563,150367.36583237874
2564,191024.36858264758
2565,127896.18935588234
2566,159768.29373689622
2567,144686.5954755583
2568,205643.58584288752
2569,222038.7159304771
2570,118923.18906629042
2571,197314.88236598778
2572,151493.61938538554
2573,236601.81794888672
2574,283761.21896938095
2575,136233.69371092672
2576,118640.367577908
2577,139688.97836061404
2578,84022.06361451987
2579,62525.33045090945
2580,83000.40512153922
2581,89364.30153829219
2582,96082.34273963199
2583,280246.5733420329
2584,179992.90090087932
2585,191385.11956554945
2586,225207.0521716072
2587,200180.9005995581
2588,150282.70208737344
2589,150115.74527916932
2590,206690.95265978025
2591,223453.29171954637
2592,218117.42697934294
2593,251272.935694912
2594,184682.50003237868
2595,197062.0406349402
2596,291686.51372861303
2597,179277.20434090224
2598,273263.7064136119
2599,331684.69883856043
2600,145427.7116697521
2601,140551.8634796665
2602,87928.03578906426
2603,96157.62231308536
2604,91140.48301548426
2605,85750.78663784536
2606,148195.39040803263
2607,196325.09096958014
2608,199141.13213616726
2609,172342.57581251967
2610,108978.48894696041
2611,135015.99242013323
2612,158489.91833446018
2613,126671.07367988536
2614,121595.12715415124
2615,153239.27429491226
2616,145093.5904416617
2617,185815.9478450737
2618,207334.0237272688
2619,204339.6665544463
2620,179879.79085813556
2621,173262.2949207943
2622,178048.1987583122
2623,241787.317346592
2624,312027.965158934
2625,306046.77303624374
2626,167501.98080151502
2627,164972.3132421648
2628,435731.71992953273
2629,480707.47770269844
2630,363251.9533470373
2631,468645.3266755461
2632,389917.0715651672
2633,299514.62967079127
2634,393172.1039395251
2635,160625.80943038836
2636,175131.8845351266
2637,169627.17579388962
2638,264897.52157624945
2639,187647.27758361064
2640,146911.72403452572
2641,102951.8033049303
2642,196214.95661144663
2643,106786.08209178047
2644,124918.98353777031
2645,111508.98397901077
2646,97901.33724123736
2647,107015.17017736622
2648,138701.92383040555
2649,150819.3211833671
2650,135553.08286276038
2651,138907.9280860155
2652,399064.50162329955
2653,261395.53571629227
2654,259260.27640768196
2655,367374.09901069326
2656,320742.9722469718
2657,342903.2130802567
2658,299136.9718951319
2659,298380.3483561351
2660,357077.9173100823
2661,346484.93487784074
2662,338831.1223274145
2663,287890.04445821414
2664,265329.95080870076
2665,318247.33619543025
2666,284744.8553365032
2667,177032.2889975431
2668,185019.39631073247
2669,188998.5309641955
2670,281237.7605554141
2671,190140.99931590576
2672,201810.82871917196
2673,201357.4109667209
2674,193983.1906000031
2675,171843.10753713112
2676,196969.4444859481
2677,195771.52655847365
2678,249313.4716784014
2679,272847.64012437366
2680,283838.7717941872
2681,369075.0775242511
2682,307486.0056238858
2683,451062.8553547037
2684,309074.73063050205
2685,318027.3036833013
2686,254289.61368868285
2687,290818.8290994069
2688,217786.9124822298
2689,209332.02671198736
2690,392662.49577399873
2691,187756.00332075203
2692,142947.74852169352
2693,207377.9229103475
2694,143081.4288240299
2695,191069.82382334408
2696,182486.22819000084
2697,181738.1558844631
2698,192986.46502085368
2699,179245.79856073056
2700,159933.31901560185
2701,151790.8170142727
2702,113331.56615836832
2703,124685.06019306477
2704,141936.42833043783
2705,115221.97102196963
2706,108515.7434196185
2707,120430.94457234572
2708,129472.77906812305
2709,104451.69324028713
2710,122550.0543020873
2711,253097.6316037203
2712,345668.99391360156
2713,168659.60630051314
2714,151045.5065786656
2715,166133.7136870626
2716,147445.96707847688
2717,190090.5137288136
2718,217069.6974061501
2719,153001.017429764
2720,172760.19467620575
2721,129140.68585013974
2722,164550.56621026693
2723,144743.10970175534
2724,122152.05986271147
2725,125998.77200760289
2726,150373.39911387832
2727,184428.4779030944
2728,177324.20731555915
2729,146352.0846268222
2730,146208.7089173585
2731,124805.2252448374
2732,131144.7752087518
2733,159117.5754207635
2734,152291.49511026015
2735,133123.57408472447
2736,138720.29995803218
2737,116503.29049468876
2738,140836.8474456718
2739,158103.9310652014
2740,131661.4252600565
2741,144437.64700501857
2742,153525.92872943528
2743,155342.82287910985
2744,157114.69313138185
2745,141704.55335377247
2746,132792.78034648267
2747,146567.4245507675
2748,123499.28680470015
2749,125830.85339502658
2750,130235.92287822139
2751,129749.47700782922
2752,200252.74516018838
2753,151859.22960578458
2754,207899.496125258
2755,137354.6284354296
2756,97917.45724905634
2757,73781.30198589664
2758,86107.28097324616
2759,158859.4360677677
2760,121094.64501116743
2761,141458.7577456347
2762,139690.06121386975
2763,181546.03429418433
2764,146259.36553459993
2765,275563.7277514016
2766,124798.75243792069
2767,84727.70502957772
2768,130045.27671090278
2769,128995.67325685185
2770,137687.4911736306
2771,104228.53881914642
2772,109675.86369824622
2773,159612.10255322471
2774,147219.8150125612
2775,118216.64648539899
2776,147399.83708977367
2777,148662.0956050377
2778,110013.99378130645
2779,119607.66204719938
2780,100762.54121647634
2781,93956.42074286658
2782,95188.87160614776
2783,97919.03213929028
2784,123199.14127999698
2785,136561.59216001575
2786,66693.89594289675
2787,127790.159977258
2788,75336.12104088716
2789,164741.643850811
2790,95175.68044027906
2791,113329.65690291872
2792,51286.29939536089
2793,147642.9872193704
2794,97972.80753218099
2795,122224.9212251812
2796,97581.00164033077
2797,214896.41660025044
2798,101601.09637496407
2799,114507.57926613033
2800,75388.25507785079
2801,107332.79704893816
2802,134450.78859496876
2803,174737.3257173102
2804,129790.7331280768
2805,96873.33545660057
2806,86628.33927270603
2807,156243.30292718124
2808,143469.74712773427
2809,132933.81375869873
2810,123575.13786985617
2811,155268.29121877495
2812,155607.7236203715
2813,164356.6630590154
2814,166981.03145226574
2815,93581.22069534422
2816,235765.7346957345
2817,147844.4380494266
2818,131238.17915376087
2819,170526.13985483983
2820,136923.75206234088
2821,105915.35710840503
2822,191716.51977198114
2823,328036.6647977213
2824,168072.66480093886
2825,138718.85116377563
2826,135952.2706465715
2827,144238.00544533928
2828,218144.01359359827
2829,219880.1893858034
2830,236197.21463306132
2831,175726.21124774183
2832,248665.3029934491
2833,283323.1370119955
2834,222612.59200470807
2835,223974.49723016407
2836,192716.7588718675
2837,162928.8390856736
2838,146466.24150722154
2839,172151.41001002796
2840,199586.29451762396
2841,202928.21053140558
2842,231606.96391799
2843,150871.976982149
2844,170004.6767930337
2845,123259.30703729257
2846,208794.84454654148
2847,201053.51862789478
2848,217851.38941154952
2849,198895.6809518437
2850,277232.2831116848
2851,222065.34852267595
2852,233360.6837091309
2853,237157.62405867918
2854,138761.8596504151
2855,200491.74928535495
2856,206197.56271493348
2857,191227.28142063523
2858,212188.0161959658
2859,121697.28390151105
2860,134885.4521540611
2861,130897.69663682269
2862,194658.11001714514
2863,133683.58553660323
2864,234783.55566295865
2865,146150.04734552602
2866,145004.15744776904
2867,100500.14577418967
2868,105166.76533086401
2869,103876.53526099515
2870,127843.05402496048
2871,90613.98989622788
2872,54574.344740064866
2873,104826.63568055126
2874,133221.39579918477
2875,123389.86836247532
2876,165760.45089545447
2877,141720.87122851293
2878,166934.51055015362
2879,137108.2152006141
2880,107239.0308712427
2881,147980.54334512854
2882,173944.8265101429
2883,194964.18887845194
2884,197768.01607120832
2885,183717.57031508323
2886,228930.54973389
2887,101751.90132286289
2888,140759.47905784383
2889,63328.862681901766
2890,76889.15650200206
2891,142316.9021398754
2892,42242.73991099565
2893,68763.63823401934
2894,54039.600182495305
2895,312982.65378844045
2896,266689.2103516251
2897,206524.07800580774
2898,156420.18356083275
2899,205405.80713151192
2900,160180.16994242917
2901,218598.9031146442
2902,183487.92443622177
2903,321418.038490331
2904,332302.17461981036
2905,84198.47046239038
2906,191571.70176091892
2907,113201.32425658974
2908,127967.86954964633
2909,160844.82398432388
2910,78321.25547378877
2911,87845.24324178668
2912,150680.83417636846
2913,85992.72496882969
2914,81823.5065295907
2915,89475.0805851719
2916,86718.13586748291
2917,164451.1419055032
2918,122051.8551306897
2919,228486.87614812073
