Id,SalePrice
1461,118972.22161729487
1462,156856.6118165959
1463,186315.46383870262
1464,199699.87362290983
1465,191915.19309574852
1466,168566.37774564506
1467,176929.3201073641
1468,165717.98016512278
1469,179038.2051999911
1470,120129.50627929295
1471,195000.6209251256
1472,96788.86521685297
1473,94042.29538672612
1474,154971.57092977827
1475,119318.88901681003
1476,369185.6314062303
1477,253724.21181701415
1478,287950.98751557583
1479,259508.24501297463
1480,502166.2803012164
1481,317459.0555490904
1482,205126.8577128948
1483,169123.63871072666
1484,165775.95271715274
1485,183005.27203139963
1486,188706.857415466
1487,323279.77095943637
1488,231902.44159846698
1489,204669.1336523826
1490,240796.11429929768
1491,187038.65173839097
1492,92743.47846284659
1493,188677.3386349019
1494,290510.77709670644
1495,276198.87340944225
1496,225669.31746536694
1497,181577.72829038856
1498,156335.9933772942
1499,154404.99379931568
1500,144817.76789327813
1501,182516.5629960061
1502,136394.590791307
1503,309538.91866999853
1504,254158.2864368654
1505,226593.1243584774
1506,192646.2151997211
1507,244848.227702032
1508,199044.13944862323
1509,157506.317391815
1510,143942.45704524455
1511,143578.66850110452
1512,172304.14224559904
1513,137737.78139143458
1514,160062.26296598883
1515,200416.8618549431
1516,153524.05248971595
1517,168928.20971438053
1518,134416.55914376184
1519,213936.76339166204
1520,130455.32883032328
1521,132072.73184473766
1522,177277.270004869
1523,109931.51810162423
1524,122693.16793437782
1525,125586.01331899075
1526,113564.06074202879
1527,104268.02604451914
1528,140754.74877994112
1529,151731.85374512084
1530,183371.1701161352
1531,105248.63233632284
1532,100236.20106823304
1533,139496.56148315282
1534,130149.03510271678
1535,151477.70264674482
1536,107078.41986296786
1537,63179.343029813295
1538,154301.951809079
1539,194578.28650303025
1540,87229.68399793857
1541,148754.56142486553
1542,136357.70700348064
1543,195961.85622404655
1544,79255.25772565177
1545,119164.58793291645
1546,128502.30163588015
1547,138852.0689229893
1548,135568.50406489888
1549,115132.05951161671
1550,143093.09931717848
1551,112951.13964159628
1552,147714.96344168892
1553,150378.68809139467
1554,115865.78070446222
1555,158212.27551868674
1556,74671.70034285908
1557,99213.8986431155
1558,94522.9761090686
1559,83019.31718276441
1560,129819.10391238386
1561,117353.49768182497
1562,127751.75772855969
1563,122750.93057705832
1564,159864.54130865043
1565,148106.63207565775
1566,227783.87009640993
1567,70637.88034599455
1568,229919.03296858544
1569,120102.59519895568
1570,128984.59812359868
1571,128699.43603793264
1572,150037.70838944582
1573,254759.7246454401
1574,112009.4249801749
1575,233166.6704083508
1576,235471.25933974114
1577,185566.34776592252
1578,145619.62784313483
1579,154338.4669786584
1580,202087.29213158344
1581,151614.2828650449
1582,125259.18153123544
1583,326409.829883463
1584,216604.89318336174
1585,138406.6870439341
1586,65749.7931161858
1587,103540.3019855332
1588,148058.05402071038
1589,92838.0860312415
1590,133898.9693266349
1591,98339.07190686442
1592,107709.19728504558
1593,132029.50930283172
1594,136058.0893007252
1595,106360.5435875855
1596,219182.17044070267
1597,187803.619928972
1598,209029.8679085256
1599,162458.85124384507
1600,165325.41818865883
1601,58672.45266652759
1602,108710.19962699099
1603,95743.2786382328
1604,266236.7104240181
1605,249196.96225767402
1606,169063.25714093467
1607,174263.8773231642
1608,218054.02662325348
1609,192171.48434449235
1610,148492.91996666306
1611,136875.625584269
1612,163369.91925541568
1613,162605.7886675269
1614,121421.24709750808
1615,92225.97413575089
1616,73991.12322883285
1617,90075.22517264138
1618,128212.21442452032
1619,135465.2653105138
1620,148987.81664885773
1621,129236.95057132562
1622,142971.30284720412
1623,274963.35504175344
1624,207604.96414184402
1625,121931.338438782
1626,168408.39233534946
1627,195261.57740626473
1628,276129.00933118473
1629,182146.14552803145
1630,364020.993784681
1631,228982.99995664856
1632,232381.61370000427
1633,169325.06549822266
1634,187893.12553075157
1635,176703.19648270588
1636,149334.08865474752
1637,206692.28886638104
1638,185944.30465960526
1639,180173.62403918945
1640,269590.07066458627
1641,182282.67379031304
1642,226303.76986117713
1643,229100.58110009824
1644,243029.13233251762
1645,201968.76764041366
1646,157770.7022016376
1647,164979.7657728823
1648,129540.20878197365
1649,133919.7570850769
1650,114818.25954882674
1651,125993.3799175945
1652,94807.56830131185
1653,96517.05730217884
1654,148822.96684042117
1655,148938.27697769628
1656,145707.4136127113
1657,151022.9938325716
1658,145219.45824080825
1659,126660.11611153658
1660,156038.23098033768
1661,455985.30388328375
1662,456438.5084134502
1663,405924.197812057
1664,495526.9602417497
1665,320072.2439793953
1666,315375.4470848513
1667,331612.40728901763
1668,339146.4805186284
1669,298154.50381294196
1670,380710.8337035847
1671,252977.6666750694
1672,458251.3708143515
1673,294562.48610820324
1674,244453.80924251094
1675,185314.70330616945
1676,182233.10948583652
1677,220236.1970023732
1678,452894.4057632236
1679,376180.46343704726
1680,349787.9759698515
1681,266455.27901290136
1682,304044.39573404164
1683,165974.02938057698
1684,176696.1960983983
1685,165999.8250026649
1686,170384.15075673952
1687,169700.5612050266
1688,187433.23826676968
1689,196399.38534343333
1690,200058.22624374233
1691,193429.32556796286
1692,270122.8899553081
1693,165303.19244125974
1694,189037.68826558173
1695,169709.57827033254
1696,280373.41559385153
1697,175272.41285167832
1698,356047.0870862811
1699,297886.0404563704
1700,246318.96334826693
1701,262114.02647631778
1702,247831.59455135025
1703,246242.5406843555
1704,277716.52568403137
1705,232315.4925220155
1706,432021.08740934153
1707,219538.10581838872
1708,206594.52173619563
1709,307654.6671028295
1710,220431.87002218526
1711,267876.22337196406
1712,271171.87633882207
1713,274206.18362737267
1714,222442.66281819402
1715,199330.71459334478
1716,188405.80558348747
1717,175863.53655434
1718,134712.09028090097
1719,205733.6123179569
1720,254749.39588568293
1721,173506.78023299467
1722,126505.96854858926
1723,153732.3768221104
1724,215276.0196897309
1725,237595.6173447366
1726,170742.8982626647
1727,147057.1569140956
1728,181103.2846645699
1729,151697.90264279747
1730,154288.1229054967
1731,121910.28447349598
1732,125035.0964317177
1733,113309.83360628203
1734,121971.41639458666
1735,129161.77992154678
1736,111723.09020872656
1737,294607.6396747053
1738,219235.871473828
1739,270004.58281569835
1740,217894.51098422793
1741,195477.7153618742
1742,178556.85292703073
1743,174047.57559972585
1744,303880.59657619405
1745,209493.1192832831
1746,186563.62769105998
1747,209910.17697519824
1748,223815.89940493932
1749,144802.9319181203
1750,121265.89534627474
1751,247451.5833534031
1752,117859.12006981467
1753,148933.7006024985
1754,208548.74602836886
1755,162792.9696460338
1756,126207.01210383566
1757,119527.8904621161
1758,144456.5066273802
1759,163386.81719463872
1760,164211.80425433672
1761,135760.08410196766
1762,182519.19260168143
1763,179439.24843050406
1764,113647.80511646516
1765,181214.5667406401
1766,189292.8728077686
1767,227442.09306387015
1768,143660.1576559839
1769,179767.5518242292
1770,146938.65631046428
1771,123462.64153424383
1772,128538.0122101225
1773,126078.4838954205
1774,138518.27548494955
1775,143851.27467473104
1776,121981.36564323578
1777,108660.93815911848
1778,134419.84344247764
1779,113287.28411103187
1780,189334.6282651021
1781,127434.0591874026
1782,86466.31978522867
1783,137461.59008844025
1784,104932.40279223383
1785,117649.8536052058
1786,149506.28548847913
1787,159605.7770248204
1788,53985.060692588595
1789,97804.41426505633
1790,70391.11962911767
1791,180406.73613917845
1792,152797.95051463257
1793,123016.87292303854
1794,150888.08100564906
1795,135961.65729293914
1796,117188.74183989908
1797,110497.6834251
1798,122254.5910220538
1799,102001.90546468257
1800,125201.37899659628
1801,129128.64497948879
1802,135793.86865179136
1803,148945.46790413922
1804,136688.61788396127
1805,134031.29960595394
1806,121909.8022990595
1807,135339.96169426866
1808,118414.8949360885
1809,115585.9133999514
1810,144459.56145521795
1811,85440.56836467996
1812,94450.97879053488
1813,121551.46504657091
1814,98356.9690818252
1815,51317.636175685526
1816,95997.78504702549
1817,102255.36243613152
1818,143490.63050242575
1819,126509.96532138428
1820,67880.4221133628
1821,107954.9092006546
1822,149971.73038928793
1823,53459.44269013678
1824,131221.2095068892
1825,132328.45164122875
1826,106229.49302825633
1827,103746.72424485162
1828,140616.14616678207
1829,120422.25126809184
1830,137769.1222394948
1831,151538.22946118642
1832,71714.12839851031
1833,139684.6289501214
1834,118521.58159856455
1835,124055.55394374595
1836,119491.9859028485
1837,83234.17277671058
1838,129141.66873018722
1839,87658.63815665107
1840,150025.12378527428
1841,139696.50219892024
1842,80077.67239706716
1843,128242.85661857095
1844,133636.3954058887
1845,132649.29484857837
1846,152555.06034358914
1847,161858.59454764077
1848,53967.50043855566
1849,109437.10770363444
1850,118875.19664597635
1851,155972.8657032291
1852,131305.4327721851
1853,123111.81833787971
1854,168922.17159828392
1855,130377.12540090128
1856,229449.86351991261
1857,149237.8899532592
1858,134594.40323955187
1859,123888.90389797483
1860,143874.17739469986
1861,123888.90389797483
1862,320423.12578164326
1863,304253.7275571793
1864,304253.7275571793
1865,333950.3008713853
1866,347056.6769983446
1867,254109.9835932128
1868,296811.5927638667
1869,199388.82910151922
1870,244741.66463045616
1871,254229.72849570564
1872,168059.6417416211
1873,228305.11021752717
1874,142747.69121267926
1875,203143.7762297131
1876,192846.94673131715
1877,210249.11277488846
1878,203777.22321705
1879,124967.003383015
1880,133875.87229546352
1881,237273.56582992556
1882,257320.98921426677
1883,176967.08261425613
1884,203457.4316189115
1885,245839.69560269453
1886,297660.25583362265
1887,200984.12962733506
1888,287970.20329648274
1889,156659.76253785405
1890,120038.52917575961
1891,129032.48001146707
1892,103254.9850861488
1893,133429.62313439086
1894,124794.3684036748
1895,145782.53607989274
1896,127591.44998372845
1897,107766.7347148995
1898,114383.98304438106
1899,152504.7025818915
1900,158260.23899542872
1901,171936.77341910935
1902,144118.2199357232
1903,215761.698596924
1904,139913.89795935526
1905,200739.61447421013
1906,161258.23169691575
1907,205822.27448017144
1908,108759.18455944896
1909,125588.39156096971
1910,113075.56076374368
1911,218440.9917083589
1912,318554.52651330485
1913,134633.61930837386
1914,63531.48260344067
1915,297164.67852618423
1916,66810.10814988545
1917,274618.3044422803
1918,139427.32685329398
1919,161826.41666276992
1920,142616.9723904694
1921,442740.56679674954
1922,348917.61511515366
1923,220990.0091187881
1924,238843.07145897995
1925,194326.3921129746
1926,405097.37877737934
1927,127639.17125884353
1928,146046.9548561505
1929,118367.19549325021
1930,120063.96534336587
1931,141838.35839889265
1932,133340.01091267567
1933,185414.12155330396
1934,182066.1278157816
1935,169360.27556129856
1936,198081.2743660287
1937,186854.91759353253
1938,166746.4014972618
1939,243471.36568400942
1940,185874.98755166674
1941,165496.7612261585
1942,174488.38400309073
1943,202852.37854209254
1944,352832.959389517
1945,402639.39649693976
1946,139335.63266614528
1947,306071.34055872296
1948,173700.83909112838
1949,222504.50012791276
1950,182225.8058025088
1951,252435.3795182577
1952,201362.68654571945
1953,162259.51269398737
1954,185244.68352146988
1955,132848.32635700563
1956,323158.19835327973
1957,153932.66891789992
1958,326117.0387178087
1959,142382.00987932002
1960,112477.55196378396
1961,118673.88565009949
1962,97335.44229543161
1963,103421.68748080559
1964,107529.9204578271
1965,147164.9053496121
1966,143180.11371839687
1967,279946.95806521754
1968,430187.3612906804
1969,415752.11237038934
1970,455704.80484728736
1971,457017.01759224455
1972,383569.932373622
1973,254902.2199902855
1974,325677.75965997175
1975,483064.8848142114
1976,273158.6985849896
1977,348652.5839468054
1978,337767.30704035534
1979,343401.7854553152
1980,201380.75918882017
1981,369963.4207683405
1982,214633.72659640494
1983,198592.8978155646
1984,168649.6716797325
1985,227122.1383426495
1986,213239.08662898198
1987,181170.87747962982
1988,175242.03625132205
1989,191190.8046558075
1990,217579.59362497725
1991,226699.90456437625
1992,215298.69535237472
1993,161707.8307009997
1994,244960.03305420786
1995,190333.69228546144
1996,242857.98050692547
1997,311325.0392241492
1998,335627.9413759509
1999,253468.00946521826
2000,309126.6624282876
2001,261700.65660342536
2002,232630.58528899573
2003,269347.547078934
2004,280015.38127549394
2005,220535.69782220497
2006,226563.31892383675
2007,253156.208900731
2008,223420.39263690182
2009,189051.65893782562
2010,192785.70490976342
2011,145556.1262803053
2012,178291.5290791085
2013,175060.01075980152
2014,177456.244145505
2015,202699.2858895243
2016,183947.8944570411
2017,184844.6574903456
2018,117879.36515404507
2019,131842.02162383986
2020,106436.20479926703
2021,105798.40513050678
2022,180462.2503296868
2023,138715.63811415475
2024,269249.40793178603
2025,352684.8338285545
2026,173645.4932461691
2027,149577.0144143674
2028,149274.44395571243
2029,171893.07412236676
2030,275223.1578092238
2031,244323.9045468396
2032,259823.0294610695
2033,280553.1611367822
2034,163450.08692723207
2035,227621.27872140807
2036,210093.61113211434
2037,209910.08995746184
2038,316584.5086455333
2039,236308.7702949789
2040,283730.3188353954
2041,271095.6950665949
2042,213510.67522373068
2043,178916.61950584385
2044,165437.2256957351
2045,213974.7982087264
2046,144569.17379996227
2047,141395.5128280258
2048,143361.38528334122
2049,142633.13866930502
2050,181189.46422714368
2051,109146.29630482059
2052,125897.69873938682
2053,151613.39393189165
2054,87701.95563249403
2055,156623.3873446335
2056,137019.82885002677
2057,115402.81150248752
2058,225445.50663336084
2059,130342.34607399341
2060,176179.8254249925
2061,180615.42590980124
2062,126837.11824732789
2063,115814.79974012965
2064,147875.50311347182
2065,119123.72992554115
2066,156967.24123317702
2067,101853.49848050628
2068,148089.4498356584
2069,89325.86771125133
2070,121856.49596854956
2071,87494.92250023896
2072,129978.40485289504
2073,132561.06663821827
2074,187624.89244417453
2075,157359.7167050313
2076,121685.20174168597
2077,158924.2342665414
2078,124862.25567123582
2079,131861.0771717654
2080,120446.34763965462
2081,127462.74279645861
2082,112718.42055482544
2083,148912.60102686007
2084,111630.57673433676
2085,117362.23662446074
2086,119662.67136752521
2087,125060.27798369103
2088,92504.28978953128
2089,70636.16218578254
2090,120228.12263271934
2091,111924.70226485698
2092,120072.19393842117
2093,104021.98065754726
2094,110857.38538414518
2095,150666.83632879594
2096,83736.88492068592
2097,99297.59195311482
2098,151504.9275345122
2099,57150.31695884129
2100,71894.224419589
2101,112255.53103429434
2102,127794.77769343584
2103,108880.63257431249
2104,151715.1712175725
2105,122934.52384901441
2106,63522.72466668821
2107,201508.4448819771
2108,113422.74271336454
2109,112088.97129420632
2110,125214.03512651227
2111,141065.73880035518
2112,141274.30412582538
2113,125084.35698831164
2114,120669.56395982947
2115,164904.73692807017
2116,123467.20937280894
2117,158358.96742126733
2118,127903.06341872869
2119,113958.25111392539
2120,107918.24412106711
2121,91137.32848494987
2122,113617.49299873227
2123,93182.99836327297
2124,170231.87290142232
2125,130406.482863293
2126,146446.68495995202
2127,148225.45606001452
2128,120219.67787259359
2129,95488.02247328554
2130,133430.03554980495
2131,145931.7493166017
2132,111545.86308690169
2133,122330.38715617404
2134,109842.32956711181
2135,80960.10288731493
2136,69628.31217928784
2137,106373.47287023184
2138,126468.28961830038
2139,151551.93149659637
2140,142273.85356710787
2141,143902.1397695469
2142,130650.92076154599
2143,146425.0199663896
2144,133184.21630208692
2145,139815.57221695848
2146,167606.53533195032
2147,121985.96766441475
2148,128757.48097289965
2149,154263.5988158846
2150,223843.26501295847
2151,118091.59671407615
2152,168630.78904542112
2153,165828.53349175892
2154,107583.46397441937
2155,139470.96724945903
2156,280191.8956163307
2157,229057.59622197636
2158,234508.04457662767
2159,200904.85469829483
2160,175998.07363516974
2161,246382.66225885207
2162,439997.32645714097
2163,356257.3268388277
2164,260245.3676507833
2165,203400.69490874058
2166,156556.7201528498
2167,236299.7849551014
2168,191281.9373487888
2169,197163.9272294507
2170,216468.68798568557
2171,160846.057343102
2172,136975.37422629335
2173,168578.94966032266
2174,223761.84596273836
2175,344162.82721477665
2176,327045.3620792998
2177,244099.6035569416
2178,208277.10295547612
2179,138901.28937256619
2180,231002.9002278198
2181,190113.295030447
2182,220112.43198632143
2183,184132.52702158928
2184,126901.2687666195
2185,124608.67284276211
2186,145018.5928107423
2187,154393.47925603567
2188,151278.93731561786
2189,249092.3526383583
2190,83327.82018070831
2191,82913.61332680169
2192,93708.25462273452
2193,100554.35911715547
2194,106692.7419210338
2195,110374.2885342856
2196,96912.51923217784
2197,115487.68063459941
2198,159774.26491833973
2199,172238.09127650576
2200,144684.04875664768
2201,148155.69498749115
2202,237965.95715001255
2203,138611.18569319663
2204,187810.09070283055
2205,119426.53517052846
2206,145218.19568314948
2207,231728.30528800882
2208,256825.49447245302
2209,252264.56690896186
2210,116704.7809842586
2211,115572.39430794278
2212,118713.8115202923
2213,101734.73760584464
2214,118965.90279564951
2215,99472.73005980924
2216,143856.3499062944
2217,61422.19021568545
2218,88712.47041047027
2219,81411.06354490719
2220,77336.40604906715
2221,299666.4061750942
2222,265285.51983328286
2223,267907.8248970151
2224,214547.9241018064
2225,114824.1865867475
2226,186930.92569481878
2227,195266.56915522646
2228,252429.09339960228
2229,252343.80090730102
2230,150594.5795175791
2231,223499.8367188706
2232,174382.78369949953
2233,169813.191512653
2234,241887.6196228764
2235,212079.72288213388
2236,246089.13202259975
2237,329945.77804104995
2238,197872.08556382137
2239,114291.55919298659
2240,161427.65842630257
2241,160772.6416479808
2242,130163.0171558
2243,131698.63874753378
2244,104509.42588438126
2245,96880.54784382148
2246,141113.6149666658
2247,113641.11518988044
2248,127906.36011877882
2249,123378.26501259535
2250,131203.61769562116
2251,100963.54533742809
2252,172023.256749219
2253,148738.88916771466
2254,177221.5833488809
2255,182046.79950185088
2256,174981.3724956638
2257,211613.689963232
2258,164578.61245555143
2259,177499.76082840023
2260,151540.7558361351
2261,192837.97522950007
2262,207802.12206752945
2263,357908.8056733941
2264,545883.8976084457
2265,197577.58397925078
2266,310672.26866550586
2267,378033.0780892371
2268,415844.044475413
2269,143205.9005706374
2270,201238.4903991111
2271,205536.38808920557
2272,193545.07228419583
2273,164335.61165480132
2274,180555.0746931323
2275,154479.7885175581
2276,189991.37660311602
2277,188078.87756494197
2278,150410.35166783934
2279,125780.92128246116
2280,116858.74789028401
2281,165342.75142608263
2282,191395.92005793072
2283,101626.36067861761
2284,109474.22325724296
2285,150244.33232248155
2286,118230.89893228089
2287,357134.311771047
2288,264199.7617854456
2289,390234.0022158497
2290,478879.93952331785
2291,316286.56445124804
2292,437362.59871661075
2293,476367.2837641729
2294,418566.4112015731
2295,453525.65324029344
2296,271204.3385344778
2297,315372.4975908643
2298,326389.48366086534
2299,368524.0693098416
2300,342090.23475071095
2301,294400.064641501
2302,248574.41441413405
2303,235006.46993298287
2304,249960.72233677344
2305,181481.8307914189
2306,177479.53110771562
2307,187980.75184079894
2308,221610.9582462586
2309,286263.3439014013
2310,205493.91373596597
2311,186404.6944428459
2312,180062.78827305822
2313,172926.05318495835
2314,176028.1027996115
2315,181759.1463383309
2316,193828.78836326717
2317,184663.93805562484
2318,178894.48820386283
2319,183689.82590444185
2320,184405.99666853086
2321,238252.57773627198
2322,176702.55107498792
2323,185072.35076632834
2324,169403.44247905578
2325,213661.31382221993
2326,170860.48052029265
2327,208234.76897552764
2328,234153.68186923675
2329,191084.2214721301
2330,183825.80881320615
2331,340020.5473828902
2332,422074.9502764929
2333,331422.1907509745
2334,255807.15997535002
2335,265704.8609853226
2336,328724.4873245712
2337,194222.41591650428
2338,277078.6421873696
2339,213268.62180242987
2340,393221.4573556025
2341,217796.3003328086
2342,227472.94259121752
2343,219336.95269208166
2344,209028.31540021356
2345,236342.18905052077
2346,211063.01143004172
2347,196968.8440227313
2348,244552.13499305717
2349,177640.78404972612
2350,305592.4456788515
2351,255340.35903208243
2352,256673.89366399447
2353,249513.64396534866
2354,141726.4978776824
2355,147720.67516305234
2356,155301.88545245497
2357,184398.8793718707
2358,197895.1864920473
2359,131536.39825436755
2360,116668.4757586206
2361,141914.47183631072
2362,265987.7132838023
2363,140504.43616171027
2364,155187.54850138203
2365,213129.74095924987
2366,194698.6815154552
2367,222474.65753780358
2368,214765.3544968375
2369,220651.6989150415
2370,177215.43497808604
2371,168611.9917850883
2372,191967.3644597844
2373,287669.1109495477
2374,334629.65845192794
2375,269400.9746600335
2376,297681.95467234583
2377,348241.2902934351
2378,135134.34649223983
2379,191333.88352076747
2380,140918.7742146441
2381,173942.11627975202
2382,215007.2972985654
2383,202366.83641609096
2384,244333.1528441851
2385,162394.41750156798
2386,138463.6962367577
2387,138033.78093177354
2388,104989.07465885009
2389,125619.7842484497
2390,145109.22050369313
2391,145526.1553262019
2392,117074.44126465949
2393,168759.7859005617
2394,149309.88278419847
2395,212732.2555429717
2396,145190.92630716215
2397,226486.1867646958
2398,142574.47415648465
2399,57521.3339857211
2400,56123.94435130653
2401,121305.40561443605
2402,141628.75658722312
2403,147677.9236231957
2404,145672.318638448
2405,166456.0663322907
2406,145681.98019987703
2407,123485.60758242464
2408,147366.10856899686
2409,120208.08482743631
2410,165371.51777322244
2411,117123.3553380944
2412,153182.4624949051
2413,128671.60555090183
2414,146441.1132756784
2415,137893.92103180473
2416,131561.7846311103
2417,134945.35615195325
2418,131160.66838676852
2419,127356.64742119031
2420,118993.52491991945
2421,150475.44192853317
2422,103078.10408204161
2423,122659.91286837486
2424,160631.3740648011
2425,207913.60492630003
2426,127675.13904033796
2427,135304.02368023983
2428,193331.75118345066
2429,111822.23099142154
2430,129775.45237662073
2431,107379.23847016558
2432,151331.44903046655
2433,150017.28381879235
2434,134813.28115255892
2435,143315.23017998954
2436,109808.90776704918
2437,108489.52464014276
2438,123417.23558696432
2439,105269.78576589249
2440,119235.5796574955
2441,91621.33808983261
2442,100009.50839467587
2443,122584.18694004296
2444,129700.30862177514
2445,81990.55697471948
2446,141517.91011865795
2447,171265.9862976326
2448,127341.42271624177
2449,109697.9278240427
2450,144712.1095557731
2451,118472.5551902427
2452,203190.77206619806
2453,98372.52088418114
2454,113088.9211077641
2455,123026.60228410528
2456,135877.60498064966
2457,141615.5357443376
2458,126623.80680827564
2459,115495.74694724382
2460,136330.1240003394
2461,120925.43283786633
2462,140450.67673643233
2463,124861.24940163006
2464,178437.7916449919
2465,139204.3407913753
2466,110469.32307082081
2467,122882.3798886822
2468,76785.04345724815
2469,78417.42588659296
2470,182128.86664360232
2471,206159.31917423123
2472,159613.75615519745
2473,107169.97849748551
2474,75399.51098526792
2475,206843.9489764235
2476,116777.27426462543
2477,129509.12975905808
2478,154436.04399697387
2479,101292.91074152457
2480,147920.89272272532
2481,119227.5002182834
2482,129948.47031544748
2483,111554.59056908757
2484,123047.08597015386
2485,126254.54009010736
2486,157114.1619073547
2487,165606.40029652705
2488,161178.9146722143
2489,154997.3101621162
2490,149917.08688032196
2491,98993.98633739473
2492,202299.02930022753
2493,146666.95767569417
2494,154208.21074667777
2495,82742.16775863958
2496,248765.41856494488
2497,157136.3520121702
2498,107151.44583918176
2499,93796.71755124688
2500,125572.63043865387
2501,142071.75003049403
2502,146799.2399426084
2503,98087.92822004916
2504,179984.10036543265
2505,230507.3615901862
2506,261721.10340884514
2507,283200.54655128496
2508,257261.66109326584
2509,211634.08969899637
2510,220095.47584609044
2511,174810.6444723177
2512,214220.410159522
2513,217211.2363629137
2514,242772.80914474954
2515,151166.5961471387
2516,168498.22424708866
2517,142250.81114682896
2518,156165.70002946793
2519,232572.245682196
2520,218995.9148383439
2521,187363.4652961552
2522,225411.70564720896
2523,118272.52363703512
2524,140974.95336020115
2525,145775.2809277493
2526,134853.9033201412
2527,112813.58836773974
2528,129352.1244684594
2529,139791.93747443336
2530,121736.03386396656
2531,262075.33182321908
2532,225894.37444619465
2533,190362.65322298717
2534,224699.91840003294
2535,309546.9261603239
2536,235446.92992018722
2537,241905.7288251536
2538,183212.73290554996
2539,187682.67081347847
2540,173205.78427750757
2541,183244.71427967842
2542,160744.14800812973
2543,122022.64163040629
2544,128386.63299480571
2545,131402.70946212887
2546,132942.30460338702
2547,141780.73307816806
2548,152314.26010705496
2549,156396.2687755499
2550,645820.8105861112
2551,136817.30258085625
2552,135455.36687051717
2553,73064.78249698937
2554,94640.05094441108
2555,127121.72234705543
2556,108135.51983922621
2557,110004.12319808296
2558,145256.21570349892
2559,140429.56771375804
2560,150441.23998777918
2561,138280.11673304156
2562,133403.91454425672
2563,147823.78343652983
2564,211651.16517636192
2565,142996.11359499543
2566,153887.89835810763
2567,149626.6222709806
2568,204260.2824792768
2569,209292.3553006149
2570,113797.30599855362
2571,185034.55233607336
2572,153406.04281671077
2573,224780.24117424223
2574,280545.3413066436
2575,128898.39784264777
2576,115070.98600162096
2577,141586.3854844214
2578,82571.83796840017
2579,63459.46751098329
2580,109444.61630614384
2581,121366.94972398074
2582,115340.8317370955
2583,291626.2848324406
2584,163228.6381982559
2585,180425.78053818512
2586,223627.22823389602
2587,205311.56419212808
2588,144681.0215289342
2589,142234.0104177829
2590,192589.85785662645
2591,200746.74605217777
2592,206798.63675670637
2593,251414.19193808408
2594,182173.31666330207
2595,207196.3104528165
2596,299335.7538223892
2597,174848.5132972199
2598,283728.66053545615
2599,308811.89017037244
2600,150874.61966657738
2601,149754.46518799508
2602,81920.08679719151
2603,94384.10996483554
2604,91171.10993211999
2605,75349.74877052837
2606,144077.08883056248
2607,198878.538684038
2608,195185.77232098163
2609,173632.77099202754
2610,109443.9298059249
2611,103189.47378024287
2612,156970.65589179262
2613,133632.99022611926
2614,126997.0514874873
2615,159146.83057201616
2616,142066.72537867696
2617,193607.24569932988
2618,215018.63542016305
2619,196905.3206797967
2620,198871.43394487322
2621,178215.57578890477
2622,182183.44556069202
2623,254674.85151669107
2624,291406.5839215934
2625,316359.40028726176
2626,179541.1421343406
2627,174004.05008401634
2628,533913.2861244644
2629,468722.87953397323
2630,399049.02895069163
2631,473931.6745678701
2632,463814.714341874
2633,321041.868878447
2634,424617.74264459836
2635,152827.98121549352
2636,181750.65635109006
2637,176374.25560953518
2638,267610.1752295483
2639,184264.81974804308
2640,156820.42539569852
2641,103827.35295143502
2642,193620.86536156185
2643,96416.61025498083
2644,120861.82732236262
2645,107044.56683313593
2646,95677.5319998249
2647,100926.79457442422
2648,142593.99778835903
2649,140657.75572415037
2650,144519.97696248104
2651,141978.86172839324
2652,426230.3390933259
2653,245575.4719895313
2654,236454.28751594262
2655,412647.88660739467
2656,333533.8354464558
2657,363200.92120396486
2658,287810.8664275849
2659,310678.0100543953
2660,322335.09730291436
2661,375748.3035397979
2662,374618.6996811208
2663,294025.03664738504
2664,267385.7124442025
2665,328558.98491645476
2666,294049.19648966065
2667,167960.78377602814
2668,183524.83311352698
2669,177170.8142812515
2670,292056.928376995
2671,190981.49979940103
2672,192232.6215507342
2673,208436.73329304368
2674,200939.20795615233
2675,174562.66905823213
2676,196908.75133995165
2677,196056.88716070072
2678,261083.1033135657
2679,273464.90164676594
2680,276531.81521836185
2681,448076.2355953739
2682,343654.6380968263
2683,514399.2864414194
2684,319265.68143930775
2685,359119.6573526071
2686,256124.40550253683
2687,330248.26564148004
2688,214013.31633526745
2689,206623.27840665824
2690,460694.7264646669
2691,176507.7728907409
2692,140277.58211974194
2693,189126.5159704775
2694,140078.14861435676
2695,191069.23209759867
2696,188975.90261292088
2697,186767.50655098585
2698,186052.2930055911
2699,160634.08817754907
2700,153855.47156626597
2701,146339.08309539867
2702,106582.6053446811
2703,126951.09484585238
2704,148737.13309881082
2705,119328.49140372414
2706,112397.84112448778
2707,129103.01994698308
2708,135093.1966990798
2709,105669.7523301194
2710,124835.88337195705
2711,245734.893444837
2712,404465.35687586357
2713,179018.68428615993
2714,143067.64219530785
2715,174967.0136338865
2716,135354.68040377783
2717,172533.20878669416
2718,217141.4031124813
2719,155100.2089941836
2720,172852.0911193728
2721,136833.9349437464
2722,156573.3739581643
2723,143852.21331981677
2724,125096.38619797704
2725,138499.07426178368
2726,149314.2163996136
2727,189827.42746492164
2728,177856.8443060974
2729,142775.386285436
2730,147332.36209448182
2731,134230.99704233828
2732,134613.73385797467
2733,170039.39109625036
2734,146132.34113597937
2735,139393.30377181392
2736,139519.3685723209
2737,127701.50716378663
2738,140607.15684878457
2739,160253.51496285485
2740,135375.95574638844
2741,145443.40201984876
2742,157230.7993495595
2743,152816.47594621583
2744,170443.3983457819
2745,137519.9781896465
2746,135660.55394717105
2747,145400.22972520057
2748,122374.36032306473
2749,132123.49373009373
2750,134511.28615765835
2751,135132.56987418706
2752,186944.3859440101
2753,154721.34951867655
2754,212270.72677454262
2755,129429.01256297305
2756,84092.9843812643
2757,59263.57239168105
2758,77043.13352616958
2759,160816.20064396033
2760,117656.49660255085
2761,153259.2954568259
2762,152668.24179122434
2763,188499.89653694644
2764,152006.348531083
2765,282951.25059087976
2766,136306.14652778304
2767,82418.49276790401
2768,131151.87358464676
2769,134719.76303668504
2770,140603.57818830063
2771,107665.85247434363
2772,114353.54460888347
2773,162725.32503892021
2774,144090.69346292486
2775,112248.28540572886
2776,133573.52328031923
2777,154320.76676008746
2778,96515.23553604
2779,118121.95705690289
2780,91828.67585911907
2781,100446.56787894385
2782,90312.7874934362
2783,98774.31481618702
2784,126670.3566533192
2785,138009.42357260917
2786,65098.94726679104
2787,130601.67404523534
2788,73923.33320806235
2789,173103.8252521508
2790,95940.65212970348
2791,116870.35079325264
2792,63636.98661941216
2793,163820.66518240247
2794,91934.81648392476
2795,122919.92584644457
2796,102089.58319005338
2797,198178.5605446143
2798,101208.55797294015
2799,108062.97101418998
2800,64797.86108664539
2801,100743.31930435137
2802,128908.71951931338
2803,176406.6478495807
2804,135656.68861902092
2805,102346.26483274653
2806,85181.16423126265
2807,168733.14617854403
2808,150901.27494042632
2809,136624.8602355078
2810,125928.04076170403
2811,165164.26869433036
2812,167830.35046631188
2813,156581.9800552112
2814,161456.40202112863
2815,94515.46888813238
2816,235189.4137437979
2817,149941.57841359562
2818,133088.83316217441
2819,163243.8007444058
2820,138063.4176814323
2821,104733.27844278395
2822,195343.24000400596
2823,297298.16998184257
2824,195766.66394670258
2825,154185.2424812383
2826,134684.060262747
2827,143565.92919039258
2828,201551.88719422312
2829,208570.98770741792
2830,242470.56184284057
2831,170187.31212367097
2832,250340.2385524169
2833,293514.0133436809
2834,217011.84623798262
2835,219585.34440760795
2836,191924.228771528
2837,146701.5149799904
2838,154062.08202484957
2839,176982.08386313432
2840,211372.2886595856
2841,207745.22533546115
2842,226826.2577511138
2843,143450.3236152339
2844,168320.37517851993
2845,123407.90577929495
2846,207670.64500164107
2847,206090.7048298197
2848,231220.0952768054
2849,194090.1796899739
2850,290775.22853267554
2851,223306.7080037776
2852,258592.90643532257
2853,238764.2623980678
2854,139644.4265000973
2855,195172.68550415686
2856,196188.25451158025
2857,186293.17249937024
2858,199686.79355757113
2859,117470.87369213806
2860,127786.87033644185
2861,120320.73868893752
2862,191186.6364326504
2863,131489.1850977345
2864,238528.65004297765
2865,137336.35697281372
2866,143793.35277818894
2867,100507.49133096467
2868,103316.33601484743
2869,108510.29559141336
2870,118499.98885316591
2871,76045.09493742169
2872,46929.653351533205
2873,94857.0526067693
2874,150301.80526641937
2875,113014.87096913495
2876,168541.11276661538
2877,144405.24154834636
2878,168656.27483125924
2879,141098.1280886205
2880,99590.52540568705
2881,160047.72025595262
2882,164324.49987734816
2883,196284.21346109905
2884,196196.34512345356
2885,194028.26165664778
2886,224900.0978752069
2887,92618.05222080054
2888,136039.92433432938
2889,52279.483084656546
2890,73684.66871859484
2891,126538.49347374887
2892,49780.836090447
2893,82079.89761314959
2894,68070.10448168594
2895,317178.67480714986
2896,286640.0419481679
2897,192814.91343922538
2898,150414.63336164743
2899,213096.76406192724
2900,165549.01031163527
2901,209078.51618283376
2902,187898.59512681136
2903,330509.7186024072
2904,371339.7205973072
2905,89389.67406473887
2906,196058.9665457061
2907,112737.64049321837
2908,139976.92551846674
2909,157775.49014901608
2910,78695.89570422514
2911,78262.82792840598
2912,143296.17366481613
2913,82477.15396306587
2914,79323.53108729927
2915,85620.59681535407
2916,82477.15396306587
2917,174913.59969189522
2918,114875.74043248701
2919,216110.41645272664
